	reference	consensus_score	Sf	unified_score	coverage	pI	weight	accession
	file	sequence	deltamass	charge	xcorr	deltacn	sp	rsp	ions	count	tic	Peptide Probability
1	pmu.fasta.screen.Contig2	97530.3	0.00	0	0.0	2.3	199295152.0	pmu.fasta.screen.Contig2	0
	1_00, 47	RVEIAVK	0.27	2	2.995	0.298	293.4	2	10/18	0	2861	5.98573316704176e-09
	1_00, 50	VTQVLPNGK	1.71	2	2.375	0.226	878.8	1	14/24	0	7783	0.00112475388234589
	1_00, 67	VVAEVVAHGR	0.85	2	3.418	0.563	892.9	1	15/27	0	7701	2.70904474847126e-14
	1_00, 71	PVVESIQR	1.47	2	3.000	0.325	402.0	1	12/21	0	3444	4.42504779869067e-09
	1_00, 72	VNAWVEK	1.22	2	2.640	0.288	397.2	1	11/18	0	4246	8.12082916826829e-06
	1_00, 75	TFVAKPETVK	0.63	2	2.717	0.356	632.8	1	13/27	0	6042	1.09912526827507e-06
	1_00, 86	HAISTVVPAR	0.97	2	2.929	0.605	602.0	1	13/27	0	6317	6.61264891246832e-10
	1_00, 87	CGQILPK	0.05	1	2.133	0.164	172.5	20	7/18	0	3629	0.0341220995897946
	1_00, 94	TVAATLTNAK	0.51	2	2.717	0.484	427.4	1	14/27	0	4081	2.64791724468958e-07
	1_00, 95	TVAATLTNAK	0.00	1	2.650	0.516	264.5	1	12/27	0	5638	9.01796635803915e-06
	1_00, 98	LANELSDASENK	0.72	2	4.002	0.472	986.2	1	19/33	0	6319	1.11662130820583e-19
	1_00, 100	FNSLTPEQQR	0.65	2	2.230	0.291	296.6	1	12/27	0	6196	0.00759167297573401
	1_00, 104	LANELSDASENK	0.15	1	3.026	0.374	368.5	1	14/33	0	6370	6.8338129039132e-06
	1_00, 132	RPSSITNDADFK	1.67	2	3.352	0.468	573.1	1	18/33	0	4516	4.38408288092662e-13
	1_00, 139	LGEFAPTR	0.47	2	2.792	0.290	496.8	1	11/21	0	5746	4.16255557506257e-07
	1_00, 156	ILIGLISLNAANPLACFSINR	1.43	2	2.709	0.274	95.7	7	10/60	0	8825	2.34883111774483e-06
	1_00, 159	EFYEKPTTIR	0.73	2	2.699	0.369	302.3	1	12/27	0	4811	1.38081632314996e-06
	1_00, 162	AVATQVGALPK	0.36	2	2.983	0.333	588.6	1	14/30	0	8842	5.94941824945996e-09
	1_00, 171	RGAVGLVNK	1.75	2	2.511	0.235	395.7	2	11/24	0	7017	0.000109874106677008
	1_00, 183	DNVVGVGLR	1.03	1	2.799	0.489	126.9	1	9/24	0	2957	5.04574056662867e-06
	1_00, 190	RADTVANYLVAK	0.72	2	3.626	0.485	744.8	1	17/33	0	6850	6.57016157077194e-16
	1_00, 204	DNVVGVGLR	0.05	1	2.246	0.504	175.3	1	11/24	0	2878	0.000200429638735425
	1_00, 207	GVAQNAISATGHGEANPVTGNK	0.59	2	6.111	0.693	989.4	1	25/63	0	6906	8.62639261719878e-43
	1_00, 208	WIVDAAR	0.53	2	2.519	0.238	431.9	1	12/18	0	3669	9.44805849634101e-05
	1_00, 210	SIILGAGYK	1.01	1	2.218	0.331	335.3	1	9/24	0	6815	0.00467280671519339
	1_00, 214	LVDIVEPTEK	1.53	2	3.532	0.445	465.5	1	13/27	0	4389	9.50899139768313e-15
	1_00, 218	QNDEVIVLAGK	0.50	2	2.711	0.393	612.5	1	16/30	0	5784	8.61280063158107e-07
	1_00, 231	SIILGAGYK	0.10	1	2.016	0.319	379.0	1	10/24	0	7048	0.019744437632724
	1_00, 235	VGGSTYQVPVEVR	1.82	2	2.953	0.382	289.3	1	14/36	0	5248	7.15550204205141e-09
	1_00, 252	VPLPPLTEER	0.80	2	2.310	0.518	329.7	1	13/27	0	5383	0.000217048154917116
	1_00, 255	KRPFYQIVVADSR	0.23	2	3.263	0.319	314.1	1	17/36	0	3007	1.49516013175435e-11
	1_00, 256	KRPFYQIVVADSR	1.18	3	3.304	0.228	521.3	1	22/72	0	5248	1.09320015541457e-06
	1_00, 266	IVVDCAHGATYHIAPNVM#RELGAEVIEIGAK	0.54	2	2.371	0.307	56.7	3	9/90	0	9702	0.000807800437125667
	1_00, 272	DVEIIAPNGLHTR	0.76	2	2.644	0.438	563.0	1	14/36	0	9310	1.89264673194938e-06
	1_00, 278	QEVASVLPAPSGSVTVYKDEK	1.43	3	3.595	0.462	331.5	1	24/120	0	7708	4.00585178508327e-10
	1_00, 280	QEVASVLPAPSGSVTVYKDEK	0.18	2	3.704	0.378	260.8	1	19/60	0	4164	3.63777064193055e-16
	1_00, 282	LIDQSTAEIVETAK	0.37	2	4.168	0.228	1034.8	1	19/39	0	9174	1.68293036309599e-20
	1_00, 287	NMASSLVSHEIIK	1.03	2	2.491	0.394	620.4	1	14/36	0	10323	4.99328355822119e-05
	1_00, 288	FTVLISPHLNK	1.44	1	2.807	0.204	385.0	2	12/30	0	6342	0.000251338848893723
	1_00, 296	VFQTHSPIVDSISVK	1.90	2	4.839	0.605	957.1	1	21/42	0	6755	3.564403603304e-29
	1_00, 303	VYDKEPADLSFLK	1.05	2	3.961	0.398	581.4	1	19/36	0	4122	6.96462934291026e-19
	1_00, 306	GFVVAGLYNR	0.19	1	2.705	0.342	130.8	1	11/27	0	3868	0.000126017061908617
	1_00, 314	VIVEGVNIITK	0.14	1	3.025	0.390	291.4	1	11/30	0	7606	5.32826427370039e-06
	1_00, 318	QVETFVEGGWGR	1.06	2	3.227	0.494	609.9	1	17/33	0	6176	5.17312924119195e-12
	1_00, 319	QEVASVLPAPSGSVTVYK	1.24	2	3.468	0.284	335.9	1	19/51	0	3752	1.83249342918544e-13
	1_00, 332 - 334	IVYSALDTLAQR	0.55	1	2.732	0.294	289.3	1	15/33	0	4260	0.000194838514957604
	1_00, 342	VLESAIANAEHNDGADIDDLK	0.71	2	6.022	0.574	1418.8	1	26/60	0	8123	4.36761903643083e-41
	1_00, 343	GFVVAGLYNR	0.20	2	2.378	0.463	373.1	1	12/27	0	6783	0.000152215220277644
	1_00, 350	KGPFLDLHLLK	0.59	2	3.450	0.349	743.5	1	15/30	0	7240	1.70441045882294e-13
	1_00, 355	LVDSIQNAVNTVAR	1.44	2	4.454	0.544	901.0	1	19/39	0	7774	8.78206210645321e-25
	1_00, 356	VYTDFIWAK	0.06	1	2.908	0.342	461.6	1	11/24	0	7465	2.72965223041059e-05
	1_00, 363	VGFFNPLATGNAER	1.41	2	3.323	0.347	541.7	1	18/39	0	4987	3.09715272582305e-12
	1_00, 370	QVETFVEGGWGR	0.92	2	3.375	0.581	596.5	1	16/33	0	6969	5.52680817235777e-14
	1_00, 372	NPADALTVSVLNSQSQVTNKPLR	0.16	2	4.827	0.521	551.3	1	21/66	0	7534	1.6045983994627e-28
	1_00, 374	PLVDLLPYRLQEYVRHLCHR	0.43	2	2.770	0.323	164.0	2	11/57	0	8630	5.11938109627492e-07
	1_00, 390	AILTSDLGLNPSSAGTTIR	0.52	2	3.016	0.512	388.5	1	16/54	0	7853	4.03102549995811e-10
	1_00, 415	DIAHALSSLANKPQVIVR	1.13	3	2.987	0.450	461.6	1	24/102	0	7136	7.37214531844502e-05
	1_00, 418	LMLFILNGSKNYC*FSC*GNGGK	1.96	3	2.770	0.283	191.2	5	19/120	0	7844	0.0087630719648506
	1_00, 423	QSFQEVLEYVR	1.23	2	3.609	0.421	465.3	1	15/30	0	5830	2.11281111556169e-15
	1_00, 438	AGEPVQLIGFGTFK	0.66	2	4.492	0.589	1306.3	1	20/39	0	7862	1.83513743638679e-25
	1_00, 442	AGEPVQLIGFGTFK	0.04	1	2.717	0.522	306.6	1	13/39	0	7258	4.86104950975316e-06
	1_00, 454	ASHDLGEGLSALAYAELR	0.83	2	6.596	0.536	2433.0	1	28/51	0	9377	1.47643540709838e-46
	1_00, 459	VGFFNPLATGNAER	0.25	2	2.272	0.238	355.2	1	15/39	0	7540	0.00534545141553356
	1_00, 476	AGEPVQLIGFGTFK	0.51	2	4.287	0.577	816.4	1	18/39	0	6935	2.96315694306824e-23
	1_00, 490	ASHDLGEGLSALAYAELR	0.09	2	6.736	0.552	2496.8	1	28/51	0	8965	4.99608325052534e-48
	1_00, 500	IGDVGFAFEAGYSQK	1.42	2	3.407	0.410	381.2	1	15/42	0	7086	2.48415811436295e-13
	1_00, 506	AGWASFHDGLNQFNDITEPATGFK	1.38	3	2.799	0.517	362.0	1	25/138	0	6471	0.000581446771016322
	1_00, 507	AGWASFHDGLNQFNDITEPATGFK	1.41	2	5.774	0.638	1053.2	1	23/69	0	8566	5.25417732851954e-39
	1_00, 514	AGEPVQLIGFGTFK	0.24	2	2.417	0.407	341.1	1	13/39	0	8884	0.000153721016657535
	1_00, 531	AQPSLLDGIQVEYYGSPTPLR	0.65	2	5.497	0.695	1077.9	1	25/60	0	6407	1.3844979620216e-36
	1_00, 532	ASHDLGEGLSALAYAELR	0.62	2	6.302	0.586	2072.6	1	26/51	0	9408	5.788753204305e-44
	1_00, 534	TDLIDAIASAAELNKK	0.39	2	4.272	0.475	878.2	1	20/45	0	6820	1.72546529117919e-22
	1_00, 546	VLLLDNLNQYIR	0.78	2	2.375	0.429	967.7	1	17/33	0	10918	0.000239511748194118
	1_00, 566	AALEATLEAISGSLK	0.12	1	2.311	0.434	221.8	1	11/42	0	8643	0.000481131064969551
	1_00, 578	IGDVGFAFEAGYSQK	0.14	1	3.004	0.561	393.3	1	15/42	0	6344	2.47697918945618e-07
	1_00, 582	AALEATLEAISGSLK	0.63	2	4.552	0.555	1232.5	1	21/42	0	8406	7.18396389019403e-26
	1_00, 583	QAVETIQLLQLEIDELKEK	1.41	3	3.914	0.349	489.5	1	22/108	0	9230	8.49265153954078e-13
	1_00, 595	LGSLAALGSLAYQAYQNYQK	1.07	2	2.547	0.545	361.9	1	15/57	0	10033	2.8265296708455e-06
	1_00, 604	AALEATLEAISGSLK	0.02	1	1.931	0.478	446.7	1	15/42	0	8964	0.00235197004762224
	1_00, 606	TDLIDAIASAAELNK	0.57	2	4.790	0.573	980.9	1	20/42	0	7474	1.85728370876205e-28
	1_00, 610	TDLIDAIASAAELNK	0.08	1	3.162	0.546	532.8	1	16/42	0	7590	1.00358282512449e-07
	1_00, 618	AALEATLEAISGSLK	0.79	2	5.042	0.562	1322.5	1	21/42	0	8920	5.32129247944619e-31
	1_00, 626	IGDVGFAFEAGYSQK	1.52	2	5.011	0.628	1239.1	1	22/42	0	7352	4.1181536596376e-31
	1_00, 650	ADLKPAAQNVLDGIYGEIAQLK	0.65	3	3.189	0.275	405.0	1	22/126	0	8196	8.92815924476863e-06
	1_00, 651	ADLKPAAQNVLDGIYGEIAQLK	0.34	2	4.680	0.622	602.0	1	25/63	0	5125	1.23032983559204e-27
	1_00, 656	AALEATLEAISGSLK	1.32	2	5.084	0.573	1543.1	1	21/42	0	9647	1.66702530612869e-31
	1_00, 814	ADLKPAAQNVLDGIYGEIAQLK	1.73	3	4.451	0.274	858.9	1	32/126	0	7515	2.4305208850795e-18
	1_00, 824	MISPILDEIAAEFSGK	0.83	2	3.104	0.627	870.4	1	20/45	0	9897	1.13153450888949e-11
	1_00, 878	MISPILDEIAAEFSGK	1.76	2	2.828	0.561	610.8	1	17/45	0	8486	1.01530459449487e-08
	1_00, 899	AFMVGAELSYAGLALGVDYAQSK	1.70	2	4.615	0.612	1254.8	1	24/66	0	9334	6.80654473341265e-27
	1_00, 920	AALEATLEAISGSLK	0.76	2	2.307	0.435	380.7	1	14/42	0	7606	0.000649752817574359
	1_00, 1022	IGDVGFAFEAGYSQK	1.07	2	3.615	0.571	558.0	1	16/42	0	9313	2.58774536372317e-16
	1_00, 1112	AALEATLEAISGSLK	0.71	2	2.223	0.349	207.8	7	9/42	0	13192	0.00538586445741822
	1_00, 1167	IGDVGFAFEAGYSQK	0.46	2	2.659	0.512	575.6	1	15/42	0	10470	5.59403806012444e-07
	1_10, 51	FHAGSNVGMGR	0.65	2	2.432	0.477	308.8	1	14/30	0	3897	5.24143353259195e-05
	1_10, 64	NLNSVKNDTDNCM@M@ILK	0.14	3	2.978	0.400	274.1	1	21/96	1	6644	0.000148354160540389
	1_10, 79	TVAATLTNAK	0.56	2	3.198	0.493	408.7	1	14/27	0	3937	9.96128394649854e-12
	1_10, 118	EGIVGADAQAGTAR	0.48	2	3.160	0.449	856.4	1	20/39	0	7123	3.99331323192596e-11
	1_10, 127	LANELSDASENK	0.53	2	4.411	0.489	1076.5	1	20/33	0	6272	5.18739236760715e-24
	1_10, 130	LANELSDASENK	0.45	1	3.495	0.507	563.1	1	16/33	0	6740	1.66851691394759e-08
	1_10, 139	TFVAKPETVK	0.80	2	2.728	0.477	639.2	1	13/27	0	5204	2.3360177616117e-07
	1_10, 204	QLANVVAEDAR	1.26	2	3.068	0.428	368.2	1	13/30	0	8514	3.77865578778492e-10
	1_10, 212	AATMLGINR	0.99	2	2.370	0.216	435.8	2	13/24	0	5842	0.00124328489906716
	1_10, 239	SHDALTTAAISVDK	0.24	2	2.438	0.291	219.9	2	13/39	0	6814	0.000297789969439817
	1_10, 242	SIILGAGYK	0.09	1	2.238	0.340	321.4	1	9/24	0	6648	0.0036026963548925
	1_10, 270	GTPEYNIALGQR	0.51	2	2.113	0.341	186.1	1	12/33	0	5062	0.0243605815860822
	1_10, 286	KRPFYQIVVADSR	1.44	3	3.677	0.216	681.7	1	24/72	0	5710	3.83781683087821e-10
	1_10, 303	VPLPPLTEER	0.28	2	2.186	0.567	321.0	1	12/27	0	5261	0.000646068283724393
	1_10, 316	AQAIC*AATGIAEDVK	1.04	2	3.406	0.477	739.3	1	16/42	0	11800	1.15049464706229e-13
	1_10, 322	QEVASVLPAPSGSVTVYKDEK	0.16	2	2.911	0.349	139.2	1	14/60	0	4161	2.34738330642153e-08
	1_10, 330	NMASSLVSHEIIK	0.62	2	2.802	0.360	521.6	1	14/36	0	9297	1.97048200843009e-07
	1_10, 342	FGQSVYVPEVVSK	0.69	2	2.977	0.395	311.3	1	14/36	0	4792	3.77995410001781e-09
	1_10, 346	GFVVAGLYNR	0.01	1	2.830	0.337	104.5	7	10/27	0	3809	5.29780275285859e-05
	1_10, 366	QEVASVLPAPSGSVTVYK	0.61	2	3.309	0.502	274.3	1	18/51	0	4348	7.45682881412103e-13
	1_10, 368	VYDKEPADLSFLK	0.11	2	3.787	0.476	635.9	1	19/36	0	4890	1.70845535503875e-17
	1_10, 382	IVYSALDTLAQR	1.35	2	3.319	0.400	1014.4	1	16/33	0	11336	2.02635825198969e-12
	1_10, 388	KDESAGQMFGGYSVQDLQQR	0.60	3	3.917	0.374	654.9	1	26/114	0	10330	6.35778158321258e-13
	1_10, 430	IGDVGFAFEAGYSQK	0.96	2	4.253	0.608	808.2	1	18/42	0	8886	4.18983313741088e-23
	1_10, 439	VYTDFIWAK	0.26	1	2.963	0.408	687.9	1	12/24	0	9064	6.34884020210894e-06
	1_10, 451	KGPFLDLHLLK	0.86	2	3.287	0.415	785.8	1	15/30	0	7331	3.53375003435101e-12
	1_10, 466	IGDVGFAFEAGYSQK	0.03	2	5.089	0.648	1328.7	1	22/42	0	7726	4.68526900111184e-32
	1_10, 470	VGFFNPLATGNAER	0.16	2	2.314	0.428	277.3	1	13/39	0	5806	0.000632828620914928
	1_10, 486	FGGESVLAGSIIVR	0.89	2	3.257	0.491	680.3	1	16/39	0	8219	2.75992562557841e-12
	1_10, 499	HYEIVFMVHPDQSEQVPGMIER	1.71	3	2.791	0.285	344.5	1	26/126	0	6762	0.00648155889694872
	1_10, 510	IGDVGFAFEAGYSQK	0.63	2	3.530	0.575	757.4	1	18/42	0	7770	1.74446245057034e-15
	1_10, 548	ASHDLGEGLSALAYAELR	1.11	2	6.194	0.564	2079.0	1	26/51	0	9483	9.54878817902082e-43
	1_10, 554	AGEPVQLIGFGTFK	0.00	1	2.422	0.294	259.2	1	13/39	0	6254	0.00186671912409834
	1_10, 570	EFITALDEADKLAQEGNLDAAK	0.04	2	3.504	0.541	537.0	1	18/63	0	9247	5.18175476216513e-15
	1_10, 586	AGEPVQLIGFGTFK	0.26	2	4.226	0.636	1042.0	1	19/39	0	7667	5.16945800779657e-23
	1_10, 598	AGWASFHDGLNQFNDITEPATGFK	0.13	2	4.538	0.613	572.7	1	19/69	0	8582	4.23645357320198e-26
	1_10, 602	AQPSLLDGIQVEYYGSPTPLR	0.61	2	3.528	0.569	366.0	1	17/60	0	7850	1.99492633357673e-15
	1_10, 607	ASHDLGEGLSALAYAELR	0.16	2	3.615	0.455	725.5	1	18/51	0	10453	1.23510643025514e-15
	1_10, 624	AGEPVQLIGFGTFK	0.22	2	2.094	0.340	382.7	1	13/39	0	10443	0.0308270227158224
	1_10, 636	IGDVGFAFEAGYSQK	1.65	2	3.717	0.641	550.6	1	15/42	0	9377	8.24254465982573e-18
	1_10, 648	EALEAFEAALDNVRPTVEVK	0.49	2	5.459	0.530	1338.3	1	23/57	0	9933	4.25592351701719e-35
	1_10, 678	AALEATLEAISGSLK	1.87	2	3.100	0.464	537.4	1	15/42	0	7776	1.23200466233568e-10
	1_10, 682	VNGFFC*QGM#NPVASYANSQKIIK	0.48	3	2.653	0.275	111.0	49	16/132	0	8358	0.0404777184095684
	1_10, 686	AALEATLEAISGSLK	0.20	3	3.987	0.426	1071.9	1	27/84	0	9269	7.04730195442241e-14
	1_10, 691	SAEFNGLTFGGAYVFSDDFDK	1.53	2	3.423	0.533	738.1	1	20/60	0	7678	3.7036680132879e-14
	1_10, 706	TDLIDAIASAAELNK	0.96	2	4.518	0.444	1052.0	1	20/42	0	7717	7.00262571151566e-25
	1_10, 871	AFMVGAELSYAGLALGVDYAQSK	0.83	2	3.124	0.406	526.4	1	18/66	0	9427	1.43270304379348e-10
	1_10, 876	SAEFNGLTFGGAYVFSDDFDK	1.09	2	3.999	0.713	459.1	1	17/60	0	7615	3.28008318403958e-21
	1_10, 911	AFMVGAELSYAGLALGVDYAQSK	0.39	2	3.367	0.618	514.0	1	19/66	0	7474	3.78097092590614e-14
	1_10, 927	SAEFNGLTFGGAYVFSDDFDK	1.25	2	2.475	0.446	246.8	1	14/60	0	8434	3.6869127364815e-05
	1_10, 951	AFMVGAELSYAGLALGVDYAQSK	1.31	2	4.025	0.593	972.9	1	24/66	0	8039	1.20560419610027e-20
	1_10, 987	SAEFNGLTFGGAYVFSDDFDK	1.65	2	2.143	0.439	336.2	1	14/60	0	9408	0.00616787350780464
	1_10, 1022	SAEFNGLTFGGAYVFSDDFDK	1.63	2	2.678	0.419	287.3	1	14/60	0	8511	1.23096239943883e-06
	1_10, 1051	IGDVGFAFEAGYSQK	1.65	2	3.093	0.500	369.2	1	13/42	0	9302	9.04246544292015e-11
	1_10, 1060	SAEFNGLTFGGAYVFSDDFDK	1.75	2	4.396	0.726	722.2	1	20/60	0	7668	2.02587724824139e-25
	1_10, 1102	IGDVGFAFEAGYSQK	0.55	2	2.859	0.512	480.2	1	15/42	0	10086	1.07229819813263e-08
	1_10, 1172	DNVVGVGLR	0.30	2	2.168	0.388	367.5	1	12/24	0	4651	0.00782737131996306
	1_15, 58	VVAEVVAHGR	0.54	2	2.693	0.559	835.9	1	15/27	0	8341	1.51209024586418e-07
	1_15, 106	GGGISGQAGAIR	0.88	2	3.249	0.224	363.5	1	14/33	0	6859	3.32790952153175e-11
	1_15, 124	RCHPLVHNNVCTIRPLVSPHQGTVVYDLR	1.57	3	2.587	0.359	182.6	1	23/168	0	7008	0.048079754248639
	1_15, 139	VNAWVEK	0.28	2	2.441	0.316	443.2	1	11/18	0	5342	0.000238282377857544
	1_15, 150	LANELSDASENK	0.27	2	3.751	0.432	920.9	1	19/33	0	5928	6.77925712479685e-17
	1_15, 199	VPAFVAGK	0.44	2	2.018	0.462	254.6	1	11/21	0	3043	0.0196470458619259
	1_15, 242	DNVVGVGLR	0.34	2	3.105	0.443	818.1	1	14/24	0	5405	1.42523521745616e-10
	1_15, 246	DNVVGVGLR	0.08	1	2.576	0.413	205.9	1	12/24	0	2649	0.000106034571006309
	1_15, 282	STPC*LFPENRRLPSASFISLLWYSK	1.39	3	2.704	0.228	134.4	18	19/144	0	7390	0.0249267742542407
	1_15, 302	QNDEVIVLAGK	1.74	2	2.874	0.398	753.6	1	18/30	0	5216	3.13243352331268e-08
	1_15, 346	QEVASVLPAPSGSVTVYKDEK	0.62	2	3.662	0.540	192.5	1	18/60	0	3814	1.35325541578972e-16
	1_15, 375	QVETFVEGGWGR	0.86	2	3.434	0.576	841.4	1	17/33	0	7780	1.55509053400349e-14
	1_15, 383	GFVVAGLYNR	0.34	2	3.675	0.515	1038.7	1	17/27	0	6135	1.41148039343523e-16
	1_15, 388	VIVEGVNIITK	0.69	2	3.515	0.559	550.6	1	15/30	0	5914	3.11222711049143e-15
	1_15, 418	LVDSIQNAVNTVAR	0.86	2	4.293	0.650	824.4	1	18/39	0	8232	8.34964349291512e-24
	1_15, 423	KIGDVGFAFEAGYSQK	1.34	2	3.977	0.529	988.3	1	20/45	0	9286	9.50896890510484e-20
	1_15, 444	IGDVGFAFEAGYSQK	1.19	2	5.428	0.626	1234.9	1	22/42	0	7030	2.14275228217117e-35
	1_15, 475	VYTDFIWAK	0.98	1	2.885	0.346	494.9	1	11/24	0	7845	3.06807897091148e-05
	1_15, 478	VYTDFIWAK	0.05	1	2.863	0.356	638.6	1	12/24	0	8722	3.12671688908377e-05
	1_15, 482	IGDVGFAFEAGYSQK	1.42	2	3.306	0.561	342.8	1	15/42	0	5812	3.51537805908505e-13
	1_15, 486	EAAIDVSNVAIFNPK	0.03	2	3.143	0.434	592.6	1	16/42	0	9985	6.91689453573278e-11
	1_15, 498	FMNRLNATFSHR	1.13	2	2.427	0.266	279.2	1	14/33	0	5296	0.000412461849383137
	1_15, 564	ASHDLGEGLSALAYAELR	0.46	2	6.645	0.595	2751.6	1	28/51	0	10371	2.06626024148757e-47
	1_15, 590	AQPSLLDGIQVEYYGSPTPLR	0.57	2	2.782	0.338	320.4	1	16/60	0	7736	3.57081499871753e-07
	1_15, 638	EALEAFEAALDNVRPTVEVK	0.84	2	5.138	0.544	1037.8	1	21/57	0	9529	7.00954645177973e-32
	1_15, 683	AALEATLEAISGSLK	0.67	2	5.785	0.597	1479.0	1	21/42	0	8780	7.65944711574209e-39
	1_15, 706	TDLIDAIASAAELNK	0.84	2	5.010	0.599	1210.9	1	21/42	0	8293	6.59065537635367e-31
	1_15, 802	SAEFNGLTFGGAYVFSDDFDK	1.39	2	2.610	0.566	269.7	1	14/60	0	9917	6.59065157149429e-07
	1_15, 836	IKLHRIC*FNHGDFM@VQER	1.21	3	2.977	0.348	263.6	2	18/102	0	9208	0.000243511294380409
	1_15, 876	IGDVGFAFEAGYSQK	0.92	2	2.970	0.333	354.5	1	14/42	0	10317	7.8284877264047e-09
	1_15, 879	AFMVGAELSYAGLALGVDYAQSK	0.78	2	3.336	0.529	537.5	1	20/66	0	7632	2.81563793829865e-13
	1_20, 131	LANELSDASENK	0.69	2	3.332	0.435	808.4	1	17/33	0	7726	1.02482376354772e-12
	1_20, 262	DNVVGVGLR	0.33	2	3.041	0.426	812.3	1	14/24	0	5226	6.90676170482127e-10
	1_20, 322	SHDALTTAAISVDK	0.98	2	3.604	0.621	901.0	1	19/39	0	7819	1.57038778755919e-16
	1_20, 346	SIILGAGYK	0.48	2	3.084	0.331	538.0	1	14/24	0	3279	6.96890384981718e-10
	1_20, 347	SIILGAGYK	0.02	1	1.989	0.333	359.9	1	10/24	0	6582	0.0191353195156871
	1_20, 462	KRPFYQIVVADSR	0.81	3	2.760	0.313	380.9	1	19/72	0	5348	0.0084444535643357
	1_20, 494	QEVASVLPAPSGSVTVYKDEK	0.29	3	2.776	0.440	469.5	1	27/120	0	6856	0.00210330795128526
	1_20, 502	QEVASVLPAPSGSVTVYKDEK	0.25	2	3.419	0.507	111.2	1	14/60	0	3782	5.78663735356923e-14
	1_20, 530	FGQSVYVPEVVSK	0.55	2	3.054	0.395	376.9	1	16/36	0	4483	7.3272184782703e-10
	1_20, 535	QVETFVEGGWGR	0.98	2	2.860	0.542	562.1	1	16/33	0	6965	6.94405556169623e-09
	1_20, 547	GFVVAGLYNR	0.53	2	3.984	0.519	960.4	1	16/27	0	6002	9.24047206141584e-20
	1_20, 548	NMASSLVSHEIIK	0.70	2	2.515	0.334	426.5	1	14/36	0	9499	5.74178771009585e-05
	1_20, 574	QEVASVLPAPSGSVTVYK	0.77	2	4.011	0.587	377.6	1	21/51	0	3648	1.83956609864359e-20
	1_20, 594	VLESAIANAEHNDGADIDDLK	1.67	2	2.903	0.497	339.9	1	15/60	0	9760	5.29413518006004e-09
	1_20, 595	VLESAIANAEHNDGADIDDLK	1.26	3	3.183	0.241	545.4	1	26/120	0	8328	1.12183411770876e-05
	1_20, 604	IVYSALDTLAQR	0.45	2	2.971	0.544	783.5	1	16/33	0	10021	6.72416696893631e-10
	1_20, 639	LVDSIQNAVNTVAR	0.87	2	4.198	0.607	931.8	1	19/39	0	8788	1.58236659120307e-22
	1_20, 662	IGDVGFAFEAGYSQK	0.63	2	4.943	0.624	896.8	1	20/42	0	6804	2.21893718781367e-30
	1_20, 670	KILPQHNYFFAINKEM#QK	0.75	3	2.676	0.333	508.4	1	23/102	0	10016	0.0216202948372321
	1_20, 674	PLM@VKTPAC*LTSQIK	1.82	2	2.100	0.264	196.0	3	11/42	0	8893	0.0480272110136427
	1_20, 698	IGDVGFAFEAGYSQK	0.94	2	3.848	0.564	645.1	1	16/42	0	9628	1.22356059750944e-18
	1_20, 726	VYTDFIWAK	0.07	1	2.527	0.412	583.6	1	11/24	0	9367	0.000153990816922629
	1_20, 778	VGFFNPLATGNAER	0.88	2	3.681	0.441	862.7	1	21/39	0	5167	3.14045280613854e-16
	1_20, 946	ASHDLGEGLSALAYAELR	1.63	3	3.898	0.263	404.5	1	22/102	0	7498	2.10247305953271e-12
	1_20, 950	ASHDLGEGLSALAYAELR	1.04	2	5.320	0.555	2323.2	1	28/51	0	8568	7.9837375991308e-34
	1_20, 991	ASHDLGEGLSALAYAELR	0.39	2	2.580	0.389	430.1	1	15/51	0	11548	1.06800286492253e-05
	1_20, 1123	EALEAFEAALDNVRPTVEVK	1.67	2	2.555	0.296	313.1	1	14/57	0	8890	3.7175029793886e-05
	1_20, 1166	AALEATLEAISGSLK	0.54	2	3.393	0.623	1033.5	1	19/42	0	9577	1.94014434515939e-14
	1_20, 1176	SAEFNGLTFGGAYVFSDDFDK	0.44	2	3.001	0.589	236.0	1	12/60	0	10064	1.84989706307265e-10
	1_20, 1194	TDLIDAIASAAELNK	0.68	2	4.587	0.598	889.6	1	19/42	0	9126	1.64755130728139e-26
	1_20, 1214	SAEFNGLTFGGAYVFSDDFDK	1.34	2	3.692	0.602	721.9	1	18/60	0	9120	2.70920417571966e-17
	1_20, 1266	GDFVEDQIVAVSELGQIEYR	0.80	2	2.720	0.475	286.4	1	14/57	0	8061	2.80123929592797e-07
	1_20, 1278	ILTC*NFFQRQETMTFGTIIHKR	1.99	3	2.640	0.386	201.4	6	16/126	0	11788	0.0209444665779536
	1_20, 1284	AFM#VGAELSYAGLALGVDYAQSK	1.91	2	2.439	0.391	264.1	1	13/66	0	13098	0.000125859090112215
	1_20, 1327	AFMVGAELSYAGLALGVDYAQSK	1.67	2	2.178	0.318	192.8	1	13/66	0	9570	0.0128335956000609
	1_20, 1372	AFMVGAELSYAGLALGVDYAQSK	0.81	2	2.654	0.334	308.7	1	15/66	0	11770	4.46909683283363e-06
	1_20, 1386	ADLKPAAQNVLDGIYGEIAQLK	1.39	3	3.018	0.285	411.7	1	23/126	0	8555	0.0001861212547186
	1_20, 1422	SVEELNAELVNLLGEQFK	1.46	2	2.690	0.533	340.1	1	14/51	0	10380	2.31667992040022e-07
	1_20, 1538	DSFAIINQVDEMIPLEIVK	1.72	2	4.988	0.617	728.2	1	23/54	0	5284	8.45451527854279e-31
	1_20, 2106	SAEFNGLTFGGAYVFSDDFDK	1.20	2	3.501	0.620	404.1	1	17/60	0	8731	1.72201419330113e-15
	1_20, 2194	AFMVGAELSYAGLALGVDYAQSK	0.93	2	4.239	0.606	783.9	1	21/66	0	8520	6.0358460871889e-23
	1_20, 2410	AFMVGAELSYAGLALGVDYAQSK	0.44	2	2.785	0.559	611.6	1	20/66	0	8606	2.48192715559265e-08
	1_25, 723	ALRAPLYC*IFGHM#LKLFADFQPTFLPAHR	0.60	3	2.716	0.224	90.9	19	16/168	0	6846	0.0214820671972483
	1_25, 830	AFMVGAELSYAGLALGVDYAQSK	0.90	2	2.450	0.394	206.0	2	12/66	0	11003	0.000101249823235058
	1_30, 571	DTALATQVYLAARMVCQDLSR	0.83	2	2.293	0.338	47.6	68	7/60	0	11492	0.00214091722866373
	1_30, 847	SAEFNGLTFGGAYVFSDDFDK	0.18	2	2.818	0.599	251.5	1	14/60	0	7532	7.07745195735989e-09
	1_30, 852	AFMVGAELSYAGLALGVDYAQSK	0.26	2	4.029	0.589	786.8	1	22/66	0	8317	1.164151713695e-20
	1_35, 50	IKLSGTILTGNK	1.21	2	2.215	0.434	266.9	1	12/33	0	7522	0.00251243702168512
	1_35, 664	ELKQAMPNTPLQMLLR	0.91	3	2.786	0.358	201.3	3	14/90	0	11577	0.00419058980586964
	1_35, 898	TFC*LFSIIYKIR	0.72	2	2.106	0.381	195.7	1	10/33	0	10700	0.01829671559714
	1_40, 1007	C*GALSLHTRGLRFSTCSIR	1.81	3	2.686	0.329	188.2	13	17/108	0	11490	0.0197057780976128
	1_40, 1072	HHTFFEMLGNFSFGDYFK	0.20	3	3.112	0.279	201.0	17	16/102	0	11254	3.65394485222829e-05
	1_40, 1136	EIASLVSVTVSM@AADNIGILRR	1.22	3	2.920	0.370	191.3	19	18/126	0	10545	0.000508409924333816
	1_40, 1612	VRNIEGYNEKIEEYEAM#NMPIPNPIWR	0.91	3	2.680	0.231	223.2	4	19/156	0	11614	0.0334611974527568
	1_45, 228	RADM#RHTLASVLSK	0.53	2	2.178	0.409	157.3	1	10/39	0	8473	0.00549809007025462
	1_50, 368	RVEIARALAANPK	0.99	2	2.112	0.294	218.2	1	12/36	0	6997	0.0351029074232756
	1_50, 1432	IM@AGAGINAQNAALLVKNTGITELHLSGK	2.00	3	3.156	0.390	265.5	1	23/168	0	9867	7.09455428948879e-06
	1_57, 50 - 51	HQLARKDLHALR	1.13	2	2.665	0.239	234.8	4	10/33	0	8809	6.38271767324028e-06
	1_57, 534	WELM#QPINGR	0.38	2	2.151	0.263	385.7	1	13/27	0	6157	0.0257067793388475
	1_57, 1788	VSASLSAVYEEVLIVATDGTLAADIRPLVR	1.76	3	2.665	0.313	202.7	2	19/174	0	11654	0.0284261167599793
	1_57, 2062	EQRC*NYLLLLSSKVMMWTFYQVTLVSLK	0.03	3	2.823	0.387	199.1	2	19/162	0	9739	0.00189608853907745
	1_64, 154	LSKRASVLR	1.66	2	2.317	0.249	225.5	29	9/24	0	9862	0.00260971347493922
	1_90, 179	WSKVKFIR	0.65	2	2.114	0.223	110.4	223	6/21	0	11457	0.0469184413840718
	2_00, 54	VPAFVAGK	0.29	2	2.690	0.420	337.8	1	12/21	0	2841	9.66472738157679e-07
	2_00, 76	LGEFAPTR	0.93	2	2.855	0.320	521.7	1	11/21	0	5549	9.44796964951827e-08
	2_00, 98	AVATQVGALPK	1.00	2	4.057	0.404	834.6	1	16/30	0	6688	6.6862653250503e-20
	2_00, 100	EFYEKPTTIR	0.15	2	2.379	0.401	262.3	1	11/27	0	5036	0.00030586121074412
	2_00, 148	DNVVGVGLR	0.23	1	2.771	0.340	196.6	1	12/24	0	3047	7.91675222759987e-05
	2_00, 172	GVAQNAISATGHGEANPVTGNK	0.56	2	5.550	0.706	849.6	1	23/63	0	7794	3.30928432733266e-37
	2_00, 175	QNDEVIVLAGK	0.80	2	2.684	0.269	418.8	1	14/30	0	4960	3.90908513205869e-06
	2_00, 194	RSFDLSQINYDFGNKCAM#ALSSCLIR	0.09	3	3.000	0.254	131.9	8	20/150	0	6702	0.000287217094291325
	2_00, 206	VPLPPLTEER	0.61	2	2.130	0.433	297.2	2	12/27	0	5686	0.00778633475432429
	2_00, 214	KRPFYQIVVADSR	1.39	3	3.083	0.299	438.0	1	21/72	0	5260	5.53836062726753e-05
	2_00, 251	ELPVDIAPTVK	0.08	2	2.279	0.366	204.6	1	12/30	0	5617	0.00205489552950977
	2_00, 254	QEVASVLPAPSGSVTVYKDEK	0.56	2	3.398	0.488	197.8	1	18/60	0	3887	1.19849098974586e-13
	2_00, 266	FGQSVYVPEVVSK	0.54	2	2.333	0.209	215.0	1	13/36	0	4422	0.00225402650845845
	2_00, 271	MKIAFLMVDVGVKNM@R	0.95	2	2.130	0.244	62.1	14	9/45	1	4321	0.0362869331145284
	2_00, 279	VIVEGVNIITK	0.12	1	3.115	0.463	386.4	1	12/30	0	8128	7.40995247776998e-07
	2_00, 314	VLESAIANAEHNDGADIDDLK	1.59	2	5.968	0.597	1780.8	1	27/60	0	9101	1.08316872741964e-40
	2_00, 322	VYTDFIWAK	0.15	1	3.221	0.405	453.4	1	11/24	0	7189	9.16127312409511e-07
	2_00, 323	VGFFNPLATGNAER	0.73	2	2.172	0.279	254.7	1	12/39	0	7807	0.0180003866986347
	2_00, 324	VYTDFIWAK	1.03	2	2.618	0.537	283.4	3	12/24	0	4220	8.59284605108542e-07
	2_00, 331	LVDSIQNAVNTVAR	0.66	2	4.602	0.592	1132.9	1	20/39	0	7618	1.25938264294937e-26
	2_00, 354	AILTSDLGLNPSSAGTTIR	0.52	2	2.471	0.542	415.6	1	18/54	0	8131	1.12732288577808e-05
	2_00, 358	VGFFNPLATGNAER	0.25	2	2.736	0.401	358.7	1	14/39	0	6681	4.85991977610348e-07
	2_00, 391	AGEPVQLIGFGTFK	0.18	1	3.016	0.543	496.4	1	16/39	0	6637	3.28683824467939e-07
	2_00, 416	QVETFVEGGWGR	1.14	2	2.526	0.410	445.9	1	14/33	0	7406	2.2709774874981e-05
	2_00, 426	AGEPVQLIGFGTFK	0.76	2	4.192	0.576	1003.9	1	19/39	0	6723	2.90900452488178e-22
	2_00, 447	EAAIDVSNVAIFNPK	0.62	2	2.318	0.408	534.3	1	14/42	0	12277	0.000743501383340555
	2_00, 450	EFITALDEADKLAQEGNLDAAK	1.51	3	3.912	0.333	712.6	1	27/126	0	9407	1.01010365562435e-12
	2_00, 452	EFITALDEADKLAQEGNLDAAK	0.58	2	6.019	0.575	1290.1	1	25/63	0	9063	4.61333759030596e-41
	2_00, 463	AGWASFHDGLNQFNDITEPATGFK	0.27	2	6.046	0.692	1337.5	1	25/69	0	9132	3.93720972907802e-42
	2_00, 464	EAAIDVSNVAIFNPK	0.33	1	2.193	0.362	92.0	1	10/42	0	5239	0.00350378504771834
	2_00, 466	AGEPVQLIGFGTFK	0.65	2	3.447	0.451	1087.6	1	19/39	0	8642	6.23046540393368e-14
	2_00, 494	EALEAFEAALDNVRPTVEVK	1.03	2	5.287	0.577	1059.4	1	21/57	0	9298	1.26611493945073e-33
	2_00, 510	ASHDLGEGLSALAYAELR	1.28	2	2.143	0.345	179.6	2	12/51	0	6901	0.0162270800476157
	2_00, 514	VGFFNPLATGNAER	1.96	2	2.315	0.387	592.6	1	16/39	0	8875	0.000970851031693377
	2_00, 526 - 527	AALEATLEAISGSLK	0.50	1	1.937	0.298	181.3	1	11/42	0	7642	0.0409513095407237
	2_00, 530	AALEATLEAISGSLK	0.82	2	4.283	0.591	1151.1	1	19/42	0	10240	2.64691083985979e-23
	2_00, 538	TYQVPYDNQTSLLDALGYIK	1.45	2	2.702	0.446	166.2	1	15/57	0	4833	5.67546275617197e-07
	2_00, 550	TDLIDAIASAAELNK	0.87	2	4.442	0.619	1381.7	1	22/42	0	8268	3.8467696592542e-25
	2_00, 551	TDLIDAIASAAELNK	0.04	1	2.578	0.481	201.6	1	12/42	0	6616	3.03739534522573e-05
	2_00, 558	IGDVGFAFEAGYSQK	0.64	2	5.130	0.327	972.3	1	20/42	0	9083	1.01441453739524e-30
	2_00, 568	AALEATLEAISGSLK	0.78	2	3.054	0.592	541.0	1	14/42	0	9864	5.69879359342458e-11
	2_00, 582	QNQRLVITTDTM#VENTHFLPSM@HAADLAYK	1.06	3	2.900	0.272	85.0	7	18/174	0	6944	0.0013656427538667
	2_00, 884	AFMVGAELSYAGLALGVDYAQSK	1.24	2	4.528	0.639	781.1	1	20/66	0	9808	3.58836230971594e-26
	2_00, 900	SAEFNGLTFGGAYVFSDDFDK	0.83	2	2.449	0.295	541.1	1	17/60	0	11423	0.000240916815156169
	2_00, 902	AALEATLEAISGSLK	1.35	2	2.178	0.387	229.2	3	11/42	0	9701	0.00693057985101459
	2_00, 928	AFM#VGAELSYAGLALGVDYAQSK	0.78	2	3.402	0.526	643.1	1	19/66	0	11072	6.58272419124598e-14
	2_00, 1027	QRGFINLATTQSK	0.96	2	2.358	0.363	295.7	2	12/36	0	9561	0.000626543749731949
	2_10, 51	FHAGSNVGMGR	0.03	2	2.348	0.373	314.9	1	14/30	0	4637	0.000667465986426307
	2_10, 91	TVAATLTNAK	1.16	2	3.123	0.472	564.7	1	16/27	0	4751	6.76167581937594e-11
	2_10, 127	LANELSDASENK	0.43	2	3.593	0.469	601.4	1	15/33	0	7396	1.73174318323364e-15
	2_10, 132	HAISTVVPAR	1.04	2	2.417	0.471	654.4	1	14/27	0	7714	7.26617446779565e-05
	2_10, 162	VPAFVAGK	0.15	1	2.232	0.157	308.9	1	9/21	0	5228	0.0179537580228157
	2_10, 186	EFYEKPTTIR	0.49	2	2.210	0.287	97.2	4	7/27	0	5214	0.0102871708152082
	2_10, 194	AVATQVGALPK	1.77	2	3.495	0.430	813.3	1	16/30	0	6136	2.65508600202982e-14
	2_10, 195	GKEDVLAEVR	1.72	2	3.335	0.340	1057.3	1	16/27	0	9550	2.51033093968276e-12
	2_10, 210	DNVVGVGLR	0.99	1	2.732	0.348	169.8	1	11/24	0	2888	9.44170116862743e-05
	2_10, 212	GVAQNAISATGHGEANPVTGNK	0.37	3	3.175	0.352	472.7	1	23/126	0	8651	7.02927765369632e-06
	2_10, 222	SHDALTTAAISVDK	0.48	2	2.684	0.517	299.4	1	12/39	0	8696	3.24082574475096e-07
	2_10, 243	SIILGAGYK	0.05	1	2.181	0.314	330.2	2	9/24	0	7082	0.0074986190417818
	2_10, 278	KRPFYQIVVADSR	1.18	3	3.299	0.294	670.6	1	24/72	0	5506	9.56824519907787e-07
	2_10, 290	VPLPPLTEER	0.27	2	1.999	0.524	294.1	2	13/27	0	4349	0.0105766207359551
	2_10, 311	QEVASVLPAPSGSVTVYKDEK	1.56	3	3.223	0.532	431.7	1	28/120	0	6301	3.63899636175838e-07
	2_10, 342	QVETFVEGGWGR	1.65	2	2.625	0.450	395.6	1	12/33	0	8550	2.3472953099538e-06
	2_10, 350	GFVVAGLYNR	0.30	2	2.803	0.328	610.9	1	13/27	0	8365	2.54535639654762e-07
	2_10, 362	QEVASVLPAPSGSVTVYK	1.53	2	3.639	0.372	274.3	1	18/51	0	3834	1.75709413097934e-15
	2_10, 402	LVDSIQNAVNTVAR	0.82	2	4.328	0.569	841.6	1	19/39	0	7291	1.25029502606642e-23
	2_10, 424	IGDVGFAFEAGYSQK	0.71	2	3.768	0.624	627.7	1	16/42	0	8043	3.25673121560846e-18
	2_10, 434	VYTDFIWAK	0.57	2	3.106	0.420	396.4	1	13/24	0	4446	1.81753037608742e-10
	2_10, 438	VYTDFIWAK	0.08	1	3.141	0.423	630.2	1	12/24	0	8034	1.248787363161e-06
	2_10, 442	KGPFLDLHLLK	0.90	3	3.475	0.355	815.1	1	24/60	0	5600	1.64566132169506e-08
	2_10, 463	IGDVGFAFEAGYSQK	1.86	2	5.083	0.500	1343.2	1	22/42	0	8035	4.73854210828481e-31
	2_10, 466	VGFFNPLATGNAER	1.50	2	4.123	0.425	608.5	1	20/39	0	4836	1.10201552431115e-20
	2_10, 478	FGGESVLAGSIIVR	1.45	2	2.981	0.444	581.3	1	16/39	0	8250	2.00985000213657e-09
	2_10, 486	GIDAVLADIR	0.69	2	2.409	0.445	499.8	1	13/27	0	7870	0.000114012633565906
	2_10, 532	IGDVGFAFEAGYSQK	0.65	2	3.208	0.540	456.8	1	15/42	0	9196	4.21834282235873e-12
	2_10, 546	GPFLDLHLLK	0.46	2	3.822	0.382	666.8	1	14/27	0	6108	2.19196747128332e-17
	2_10, 551	AGEPVQLIGFGTFK	0.02	2	2.622	0.530	482.2	1	14/39	0	10065	8.79078167375349e-07
	2_10, 556	AGEPVQLIGFGTFK	0.07	1	3.412	0.567	414.2	1	15/39	0	6627	9.30504463748696e-09
	2_10, 560	ASHDLGEGLSALAYAELR	0.43	2	6.104	0.596	2358.9	1	28/51	0	8599	4.72716575167473e-42
	2_10, 575	EFITALDEADKLAQEGNLDAAK	1.57	3	4.162	0.365	707.6	1	28/126	0	8312	1.83074523286883e-15
	2_10, 590	AGEPVQLIGFGTFK	0.00	2	3.339	0.657	722.6	1	18/39	0	6168	3.84819049915946e-14
	2_10, 592	AGWASFHDGLNQFNDITEPATGFK	1.06	2	5.769	0.682	1168.2	1	24/69	0	9015	2.90588426927559e-39
	2_10, 594	TTLTAAITTVLAK	0.66	2	2.684	0.245	255.2	2	12/36	1	6629	4.34473916252218e-06
	2_10, 607	AQPSLLDGIQVEYYGSPTPLR	0.15	2	4.367	0.672	774.6	1	23/60	0	6277	9.97297069497056e-25
	2_10, 638	EALEAFEAALDNVRPTVEVK	0.47	2	4.791	0.603	846.9	1	20/57	0	8780	1.15763085151649e-28
	2_10, 643	VLLLDNLNQYIR	0.42	2	2.540	0.370	405.1	1	13/33	0	8626	2.66525812164409e-05
	2_10, 678	AALEATLEAISGSLK	0.50	2	3.064	0.359	370.1	1	14/42	0	7991	8.41829185818448e-10
	2_10, 679	ERILEYLAVQTR	1.83	2	2.155	0.228	213.2	3	9/33	0	11132	0.0277664425419436
	2_10, 682	SAEFNGLTFGGAYVFSDDFDK	1.34	2	3.680	0.554	609.6	1	18/60	0	9446	7.28891897137648e-17
	2_10, 686	AALEATLEAISGSLK	0.29	3	4.276	0.508	932.9	1	25/84	0	9060	2.15877389534143e-17
	2_10, 703	TDLIDAIASAAELNK	1.04	2	5.863	0.577	1740.4	1	24/42	0	8136	1.6758895035973e-39
	2_10, 907	SAEFNGLTFGGAYVFSDDFDK	1.18	2	2.943	0.518	385.7	1	15/60	0	10664	1.73745842525391e-09
	2_10, 935	AFMVGAELSYAGLALGVDYAQSK	1.01	2	3.051	0.470	538.8	1	18/66	0	9309	3.29307447455293e-10
	2_10, 971	AFMVGAELSYAGLALGVDYAQSK	1.48	2	3.330	0.460	357.9	1	15/66	0	9844	7.95223413428218e-13
	2_10, 972	SAEFNGLTFGGAYVFSDDFDK	1.74	2	2.931	0.448	287.9	1	13/60	0	10264	5.47762147979978e-09
	2_10, 1018	SAEFNGLTFGGAYVFSDDFDK	0.79	2	2.866	0.465	208.4	1	12/60	0	10688	1.70824605431137e-08
	2_15, 46	HEKPVPALGK	0.25	2	2.953	0.485	328.4	1	13/27	0	5289	2.18191859635108e-09
	2_15, 54	HTNHGAHLSLK	0.57	2	3.309	0.415	655.8	1	16/30	0	7645	2.15717512623112e-12
	2_15, 62	HEKPVPALGK	0.34	3	3.201	0.214	306.7	3	17/54	0	3714	8.22761710419604e-06
	2_15, 83	HTNHGAHLSLK	1.41	3	2.683	0.324	741.2	1	21/60	0	8879	0.0211984326446448
	2_15, 90	HTNHGAHLSLK	0.88	2	3.446	0.523	676.6	1	17/30	0	6071	2.51574349075383e-14
	2_15, 198	VPAFVAGK	0.07	2	2.326	0.392	273.1	1	12/21	0	3314	0.000778390565700797
	2_15, 227	AVATQVGALPK	0.47	2	2.277	0.291	357.6	2	11/30	0	9494	0.00384604204321494
	2_15, 243	HM#HHTVELIDTPAVR	0.84	3	2.904	0.230	516.5	1	24/84	0	5068	0.00144858560709961
	2_15, 250	HMHHTVELIDTPAVR	0.77	3	4.281	0.373	1199.3	1	30/84	0	6278	8.87080616214312e-17
	2_15, 251	HMHHTVELIDTPAVR	0.76	2	3.437	0.510	772.3	1	20/42	0	5307	3.68676504345994e-14
	2_15, 283	SIILGAGYK	0.58	2	2.552	0.279	319.0	1	11/24	0	3859	4.35408796578021e-05
	2_15, 326	VPLPPLTEER	0.55	2	2.176	0.401	228.2	1	12/27	0	5369	0.00615252268209631
	2_15, 379	QVETFVEGGWGR	1.53	2	3.545	0.548	1039.4	1	19/33	0	7298	1.82466275501859e-15
	2_15, 452	IGDVGFAFEAGYSQK	0.64	2	3.782	0.499	736.5	1	17/42	0	8621	1.42690700188996e-17
	2_15, 478	VYTDFIWAK	1.10	1	2.954	0.345	489.8	1	11/24	0	8349	1.84041046736613e-05
	2_15, 494	VGFFNPLATGNAER	0.74	2	2.893	0.449	311.8	1	14/39	0	5896	1.19138019464187e-08
	2_15, 562	AGEPVQLIGFGTFK	0.70	2	2.361	0.411	414.6	1	14/39	0	7899	0.000366736482160036
	2_15, 683	AALEATLEAISGSLK	0.82	2	5.088	0.564	1566.7	1	21/42	0	10265	1.72865458986411e-31
	2_15, 706	TDLIDAIASAAELNK	0.60	2	5.084	0.539	1425.5	1	22/42	0	7988	2.71780750155539e-31
	2_15, 796	AFMVGAELSYAGLALGVDYAQSK	1.55	2	3.639	0.462	661.7	1	19/66	0	10034	6.48915210181248e-16
	2_15, 799	SAEFNGLTFGGAYVFSDDFDK	1.15	2	2.510	0.432	257.2	1	14/60	0	9482	2.35665208549334e-05
	2_15, 839	SAEFNGLTFGGAYVFSDDFDK	0.93	2	2.781	0.496	252.1	1	12/60	0	9556	6.4143970242003e-08
	2_15, 887	AFMVGAELSYAGLALGVDYAQSK	0.71	2	3.146	0.491	533.0	1	17/66	0	10604	3.20825855557896e-11
	2_20, 50	HEKPVPALGK	0.74	2	3.002	0.538	607.3	1	14/27	0	6603	3.79667850708496e-10
	2_20, 62	HTNHGAHLSLK	0.88	2	3.237	0.481	536.9	1	14/30	0	7851	4.9015995902876e-12
	2_20, 80	HTNHGAHLSLK	1.28	3	2.912	0.286	404.7	7	17/60	0	8875	0.00105892464755793
	2_20, 150	TKPHVNVGTIGHVDHGK	0.78	3	3.090	0.588	301.8	1	27/96	1	3196	1.92225363039624e-06
	2_20, 151	TKPHVNVGTIGHVDHGK	0.74	2	3.468	0.641	664.7	1	22/48	1	5445	2.64267219090502e-15
	2_20, 163	SNTSSDSATPIC*LHTVERGM#SLRTNDHC*R	0.80	3	3.027	0.253	209.5	7	20/168	0	11647	0.000181835907345211
	2_20, 202	VPAFVAGK	0.89	2	2.126	0.308	301.0	1	12/21	0	3039	0.026901362900867
	2_20, 263	DNVVGVGLR	0.27	2	3.131	0.452	874.5	1	14/24	0	5685	7.26628266390399e-11
	2_20, 334	SIILGAGYK	1.11	2	2.609	0.307	414.2	1	13/24	0	2983	1.28033923019316e-05
	2_20, 478	LGIKAM@EFCRPLAFQAGEK	1.48	3	2.898	0.292	143.7	42	16/108	0	8762	0.0012776209307821
	2_20, 530	QVETFVEGGWGR	0.65	2	3.605	0.519	876.7	1	20/33	0	6120	6.81593348912927e-16
	2_20, 546	VIVEGVNIITK	0.87	2	2.906	0.538	568.8	1	16/30	0	4895	2.84852330426057e-09
	2_20, 692	IGDVGFAFEAGYSQK	0.43	2	2.126	0.396	320.5	1	12/42	0	9916	0.012303073855658
	2_20, 703	C*AIAPATKSTNTAPSFASSNLR	1.11	3	2.662	0.242	107.4	93	15/126	0	10544	0.0407332365126706
	2_20, 724	VYTDFIWAK	1.98	1	2.810	0.407	681.1	1	12/24	0	9025	2.06417497173934e-05
	2_20, 726	VYTDFIWAK	0.06	2	2.648	0.399	318.0	1	12/24	0	5243	2.70960357617468e-06
	2_20, 740 - 742	AILTSDLGLNPSSAGTTIR	1.55	2	3.195	0.536	421.5	1	18/54	0	6010	5.94701550073491e-12
	2_20, 774	EAAIDVSNVAIFNPK	0.17	2	4.182	0.615	921.2	1	17/42	0	10429	2.05023887154331e-22
	2_20, 782	VGFFNPLATGNAER	0.07	2	4.196	0.411	727.1	1	20/39	0	5297	2.25806165795822e-21
	2_20, 942	AGEPVQLIGFGTFK	0.37	2	4.318	0.568	1172.4	1	20/39	0	7612	1.6115051940573e-23
	2_20, 956	ASHDLGEGLSALAYAELR	0.37	2	4.338	0.554	1536.4	1	23/51	0	11852	1.22311987564221e-23
	2_20, 971	EFITALDEADKLAQEGNLDAAK	1.28	3	3.181	0.388	339.6	1	20/126	0	12183	4.53050964335112e-06
	2_20, 1103	EALEAFEAALDNVRPTVEVK	1.33	3	3.226	0.432	218.3	1	20/114	0	5805	1.21050703313241e-06
	2_20, 1123 - 1124	MMPSGILCTQKHLNNTPRM@QK	0.57	2	2.262	0.334	38.7	9	9/60	1	4663	0.00350431004136673
	2_20, 1154	AALEATLEAISGSLK	0.67	2	5.108	0.616	1441.6	1	21/42	0	9067	4.92533523780044e-32
	2_20, 1158	SAEFNGLTFGGAYVFSDDFDK	0.35	2	4.571	0.696	545.7	1	20/60	0	6181	5.08289054204764e-27
	2_20, 1159	AALEATLEAISGSLK	0.86	3	4.121	0.392	1170.4	1	27/84	0	8850	3.89172842146392e-15
	2_20, 1171	TTFSFPSM@ILLGSSGLM@FDTKIK	0.59	2	1.966	0.427	159.8	1	11/66	1	12012	0.0491286008831336
	2_20, 1183	TDLIDAIASAAELNK	0.07	2	5.225	0.558	1299.9	1	21/42	0	8189	7.26714948997489e-33
	2_20, 1310	SYSSPVKWHCCGSAHGLGRVSTR	1.11	2	2.298	0.421	147.2	1	12/66	0	10169	0.000873978537286868
	2_20, 1394	SVEELNAELVNLLGEQFK	1.97	2	4.423	0.664	932.3	1	22/51	0	8143	2.9726310963951e-25
	2_20, 1402	GIQITQAANDNLLNSFWLLDSEK	1.37	2	3.999	0.547	657.3	1	18/66	0	12126	4.3829336148553e-20
	2_20, 1411	KILFFIIFVNYREFSC*K	1.85	2	2.134	0.285	148.1	2	10/48	0	10456	0.0283163741442142
	2_20, 1844	EIVFLGQLAQALNLDDALVEQLEK	1.27	2	2.916	0.435	235.3	1	13/69	0	10984	8.72664490397372e-09
	2_20, 2126	SAEFNGLTFGGAYVFSDDFDK	1.51	2	3.030	0.389	243.3	1	14/60	0	7926	1.3040816144934e-09
	2_20, 2131	IGDVGFAFEAGYSQK	0.78	2	2.348	0.254	193.2	4	12/42	0	8666	0.00157736944472729
	2_20, 2178	SAEFNGLTFGGAYVFSDDFDK	0.58	2	3.715	0.668	593.8	1	20/60	0	6788	5.60218960699467e-18
	2_20, 2207	AALEATLEAISGSLK	1.74	2	2.364	0.306	379.5	1	14/42	0	8829	0.000910159995350627
	2_20, 2208	AFMVGAELSYAGLALGVDYAQSK	1.76	2	3.688	0.540	720.1	1	21/66	0	7208	7.37747560853235e-17
	2_20, 2224	AFM#VGAELSYAGLALGVDYAQSK	0.71	2	2.816	0.520	570.3	1	19/66	0	9649	2.30434682873039e-08
	2_20, 2228	IGDVGFAFEAGYSQK	0.78	2	2.754	0.366	641.1	1	16/42	0	10560	4.84735046808227e-07
	2_20, 2282	IGDVGFAFEAGYSQK	0.50	2	2.328	0.349	255.3	1	12/42	0	9149	0.00114045797113638
	2_20, 2332	AFMVGAELSYAGLALGVDYAQSK	0.87	3	2.764	0.377	180.3	1	23/132	0	5784	0.00478696367235743
	2_20, 2378	AFMVGAELSYAGLALGVDYAQSK	0.03	2	2.953	0.647	285.3	1	15/66	0	8629	2.07886971086218e-10
	2_25, 412	WFDFRGDGGDWTGYLAQSRIGR	0.02	2	2.302	0.329	37.1	155	6/63	0	13611	0.00201212187222154
	2_25, 550	AGEPVQLIGFGTFK	1.05	2	2.301	0.415	517.0	1	14/39	0	9184	0.000892874023396823
	2_25, 658	SAEFNGLTFGGAYVFSDDFDK	0.03	2	2.098	0.497	228.9	1	13/60	0	9022	0.00519726551115447
	2_25, 868	AFMVGAELSYAGLALGVDYAQSK	0.68	2	4.930	0.578	1099.4	1	23/66	0	8832	6.08418711515148e-30
	2_25, 879	IGDVGFAFEAGYSQK	1.19	2	3.260	0.548	345.9	1	12/42	0	10329	1.18631743944932e-12
	2_25, 891	AFAVFTASTTC*APLANSAAIQAEK	0.52	2	2.143	0.339	74.7	9	9/69	0	11481	0.0170818658748154
	2_30, 67	HEKPVPALGK	1.14	2	3.036	0.508	329.4	1	12/27	0	5810	2.77483594138764e-10
	2_30, 495	VALVRLSSLPSLCIGKPALK	0.59	3	2.849	0.326	104.9	37	14/114	0	9590	0.00217308393660581
	2_30, 834	SAEFNGLTFGGAYVFSDDFDK	0.35	2	3.115	0.578	587.6	1	18/60	0	7957	1.8769110702495e-11
	2_30, 842	AFM#VGAELSYAGLALGVDYAQSK	1.32	2	2.255	0.520	338.4	1	15/66	0	10505	0.000479110467104657
	2_35, 378	GM@AM@QRWIKTLLSIM#LLVSTMNVFAQR	0.51	2	2.109	0.250	129.1	1	11/78	0	11564	0.0458702731605671
	2_35, 607	SAMRSC*SSNSSNNASSIFLPKK	0.61	2	2.116	0.470	144.1	1	11/63	0	11746	0.00592253723708795
	2_35, 1274	AIRWGSTVVGNIYIVPVFTVPLDQLTFRVK	1.53	3	2.791	0.246	139.8	24	19/174	0	12992	0.00753652940503925
	2_35, 1339	FSELIADFIFNVSRMPFDPLPIDVVTLDR	0.33	3	2.623	0.341	119.1	17	17/168	0	9987	0.0377515600265463
	2_35, 2104	AGEPVQLIGFGTFK	0.35	2	3.270	0.468	507.5	1	15/39	0	8145	2.76845132877249e-12
	2_35, 2142	AGEPVQLIGFGTFK	0.14	2	3.368	0.557	587.5	1	16/39	0	7065	9.19900295720839e-14
	2_35, 2174	VRLFCLLHNKK	1.55	2	2.146	0.297	171.8	3	10/30	0	4818	0.0225707955334523
	2_35, 2263	AGEPVQLIGFGTFK	1.33	2	2.147	0.417	284.7	1	12/39	0	8457	0.00753634011677405
	2_40, 878	GM#VC*VSPAILETKAMVAPNSPK	1.56	3	2.862	0.460	447.2	1	26/126	0	9140	0.000479365605361731
	2_40, 2160	AFMVGAELSYAGLALGVDYAQSK	0.32	2	3.033	0.496	562.0	1	19/66	0	9402	3.46952705914868e-10
	2_45, 228	LSLQLGVPFHPC*C*VGVDVWSC*K	0.10	2	2.123	0.242	110.3	1	10/63	0	12053	0.0398492821628053
	2_45, 328	LYLNPSALM@DTQC*C*RKR	1.56	2	2.235	0.262	107.3	1	8/48	0	10710	0.00830071933672064
	2_50, 422	VGKFGHSIC*QM@EK	0.05	2	2.244	0.469	506.1	1	15/36	0	9547	0.00109465892650838
	2_50, 678	LKSGDVDIIVLNNK	0.61	2	2.113	0.230	196.9	3	11/39	0	7563	0.0467064662819982
	2_50, 1936	GFLKEIIHQQM#GGLRSCMGLTGCATIDELR	1.72	3	2.832	0.349	132.7	6	21/174	0	8634	0.00233948449916425
	2_57, 498	QAPSTRSVPVNPVLSTNSPK	0.13	2	2.119	0.312	214.3	2	11/57	0	11970	0.0284876264947561
	2_57, 971	RGM@TIDLGYAYLPLEKNGK	1.52	3	2.753	0.288	131.2	40	15/108	0	9137	0.0107618861502237
	2_57, 1103	NALAVAEIANILNVPIAKGC*VR	1.80	3	3.029	0.269	227.5	7	20/126	0	8941	0.000165862697375702
	2_57, 1147	KVNPETTLFLVASKTFTTQETMTNAHSAR	0.56	3	2.733	0.304	164.4	1	19/168	0	10187	0.0128184652910632
	2_57, 1239	HFLNSCACDVLSLNFAVKKQTVEQK	0.80	3	2.618	0.330	537.1	1	27/144	0	10443	0.0434107131496393
	2_57, 1614	VWGWSVSARYYSMLTPTMK	1.35	2	2.251	0.240	98.6	15	8/54	0	12872	0.00721451861377782
	2_57, 2214	AGEPVQLIGFGTFK	1.39	2	2.293	0.325	222.1	1	11/39	0	7244	0.00237960597053501
	2_700, 145	KDAIEAPVPGMIPTK	1.93	2	2.179	0.271	204.0	1	12/42	0	8452	0.0171390192915973
	3_00, 68	VNAWVEK	0.32	2	2.884	0.337	383.0	1	11/18	0	4285	4.54852243805458e-08
	3_00, 74	PVVESIQR	0.92	2	2.754	0.493	495.7	1	13/21	0	3466	1.14018849333087e-07
	3_00, 75 - 76	TFVAKPETVK	0.87	2	2.467	0.321	634.6	1	13/27	0	5776	0.000147225259336205
	3_00, 86	TVAATLTNAK	0.67	2	2.149	0.280	266.9	1	12/27	0	4631	0.0241209901290008
	3_00, 98	LANELSDASENK	1.45	2	3.814	0.514	730.3	1	17/33	0	6395	5.50114411931557e-18
	3_00, 100	FNSLTPEQQR	1.83	2	2.119	0.225	325.0	1	11/27	0	5212	0.0439513541323377
	3_00, 116	RPSSITNDADFK	0.69	2	3.645	0.527	550.6	1	18/33	0	4188	2.4102258944135e-16
	3_00, 119	EAVVNAANEVK	0.80	2	2.682	0.263	615.1	1	16/30	0	7518	4.18452222996292e-06
	3_00, 122	VPAFVAGK	0.36	2	2.861	0.437	350.0	1	13/21	0	2665	2.65112997920487e-08
	3_00, 131	LGEFAPTR	0.56	2	2.902	0.250	400.3	2	10/21	0	5604	5.44006764151956e-08
	3_00, 154	AVATQVGALPK	0.91	2	3.763	0.377	951.2	1	17/30	0	6531	9.22224395472084e-17
	3_00, 178	TPPAAVLLK	0.67	2	2.453	0.499	255.2	1	13/24	0	3203	2.76237953412921e-05
	3_00, 179	DNVVGVGLR	0.33	2	2.983	0.336	679.9	1	13/24	0	5961	5.80388554067078e-09
	3_00, 180	DNVVGVGLR	0.02	1	2.108	0.209	144.4	1	10/24	0	2785	0.0339068565224585
	3_00, 182	RADTVANYLVAK	0.75	2	3.297	0.426	866.1	1	17/33	0	7460	2.49664829148051e-12
	3_00, 192	SIILGAGYK	0.15	1	2.341	0.330	397.7	1	10/24	0	6525	0.00206012721296415
	3_00, 200	NMGCQSIKIK	0.18	1	2.251	0.321	153.3	2	10/27	0	4539	0.00430005160096813
	3_00, 231	VGGSTYQVPVEVRPVR	1.34	2	2.120	0.302	341.7	1	15/45	0	7049	0.0301990388851858
	3_00, 242	VPLPPLTEER	1.24	2	2.155	0.285	347.9	2	13/27	0	4579	0.0216906499580385
	3_00, 270	QEVASVLPAPSGSVTVYKDEK	0.53	3	2.975	0.522	542.3	1	29/120	0	9426	3.60350567448197e-05
	3_00, 271	INIDENQATPAQLGVR	0.66	2	4.266	0.510	497.8	1	18/45	0	5540	1.26123481057408e-22
	3_00, 274	QEVASVLPAPSGSVTVYKDEK	1.42	2	3.938	0.568	155.2	1	15/60	0	3748	1.37573323410514e-19
	3_00, 290	GFVVAGLYNR	0.30	2	2.442	0.448	344.4	1	11/27	0	7552	6.3317673962842e-05
	3_00, 291	GFVVAGLYNR	1.08	1	2.622	0.394	111.2	1	10/27	0	3809	0.000104160827392202
	3_00, 294	FGQSVYVPEVVSK	0.10	2	2.205	0.364	186.2	1	12/36	0	4978	0.0060292480108037
	3_00, 295	VYDKEPADLSFLK	0.58	2	3.757	0.532	610.5	1	19/36	0	4637	1.64056448426335e-17
	3_00, 300 - 302	LVLMIASFDR	1.08	2	2.340	0.305	182.6	1	10/27	0	3884	0.00134047185181548
	3_00, 303	QVETFVEGGWGR	0.60	2	2.675	0.404	586.0	1	15/33	0	8237	1.53632910562712e-06
	3_00, 318	VINELGALGIHDVK	0.22	2	3.056	0.408	641.8	1	17/39	0	8472	6.11252633322367e-10
	3_00, 326	VLESAIANAEHNDGADIDDLK	1.88	2	5.894	0.541	1094.2	1	23/60	0	9728	1.36964371008218e-39
	3_00, 338	QVETFVEGGWGR	0.82	2	2.550	0.457	613.1	1	15/33	0	8129	8.57411776677231e-06
	3_00, 342	VYTDFIWAK	0.04	1	2.906	0.362	637.2	1	12/24	0	8875	2.05970532520558e-05
	3_00, 343	LVDSIQNAVNTVAR	0.51	2	4.651	0.612	995.5	1	20/39	0	7024	2.874822171417e-27
	3_00, 346	VYTDFIWAK	0.74	2	2.823	0.317	330.0	3	12/24	0	5816	1.85218864945954e-07
	3_00, 348	NPADALTVSVLNSQSQVTNKPLR	1.94	2	2.888	0.506	240.2	1	13/66	0	9685	6.4064930557051e-09
	3_00, 352	LPADFTYYDLAKPEYK	1.14	3	2.577	0.379	269.5	1	21/90	0	6396	0.0445331031642929
	3_00, 354	VGFFNPLATGNAER	0.47	2	3.556	0.512	614.1	1	20/39	0	4840	2.3311799475813e-15
	3_00, 367	GFVVAGLYNR	1.77	2	3.593	0.542	735.6	1	15/27	0	6212	6.54364158589131e-16
	3_00, 372	AVAAVNNEIAQALVGK	1.18	2	3.607	0.428	599.2	1	16/45	0	11423	2.04459924573528e-15
	3_00, 386	LIYYLILDVIVPK	0.87	2	2.053	0.403	143.4	4	9/36	0	8917	0.026782462665941
	3_00, 395	VGFFNPLATGNAER	1.71	2	3.468	0.325	578.1	1	18/39	0	5409	1.37947200174565e-13
	3_00, 398	EAAIDVSNVAIFNPK	0.61	2	3.016	0.456	536.9	1	15/42	0	9848	8.27771350763409e-10
	3_00, 426	AGEPVQLIGFGTFK	0.16	2	4.224	0.615	920.0	1	18/39	0	6934	7.52244044942378e-23
	3_00, 430	AGEPVQLIGFGTFK	0.02	1	2.931	0.286	332.2	1	13/39	0	7413	4.76224380809624e-05
	3_00, 444	ASHDLGEGLSALAYAELR	0.62	2	6.257	0.498	2294.8	1	28/51	0	8991	5.61160372716856e-43
	3_00, 463	AGEPVQLIGFGTFK	0.67	2	3.526	0.531	751.6	1	17/39	0	7404	3.59155704311258e-15
	3_00, 482	EFITALDEADKLAQEGNLDAAK	0.93	3	3.824	0.459	784.0	1	27/126	0	11085	2.2851147210154e-12
	3_00, 490	IGDVGFAFEAGYSQK	0.50	2	3.809	0.253	490.5	1	15/42	0	8335	7.71975222020222e-17
	3_00, 502	AGWASFHDGLNQFNDITEPATGFK	0.71	2	5.602	0.654	940.5	1	22/69	0	8644	2.28758241787962e-37
	3_00, 504	ASHDLGEGLSALAYAELR	1.40	2	4.994	0.565	1667.6	1	26/51	0	7921	1.59929469152885e-30
	3_00, 506	AQPSLLDGIQVEYYGSPTPLR	0.15	2	4.748	0.693	663.4	1	22/60	0	5511	7.72150535917385e-29
	3_00, 522	GLPIPVVITVYADR	0.70	2	2.403	0.532	284.0	1	14/39	0	5474	4.08341979751063e-05
	3_00, 527	VLLLDNLNQYIR	0.52	2	4.100	0.467	899.0	1	17/33	0	8521	1.15608113282053e-20
	3_00, 528	EALEAFEAALDNVRPTVEVK	0.78	2	5.141	0.534	1144.6	1	22/57	0	9186	7.51135978785726e-32
	3_00, 535	IGDVGFAFEAGYSQK	1.88	2	5.686	0.602	1038.6	1	20/42	0	8022	7.18871660317064e-38
	3_00, 546	AALEATLEAISGSLK	0.46	3	4.242	0.443	1134.8	1	28/84	0	8661	1.13194165927398e-16
	3_00, 562	AALEATLEAISGSLK	0.68	2	4.268	0.614	1137.0	1	20/42	0	8395	2.67001057793969e-23
	3_00, 566	LYTQPEDVLYVYDQLNPVSPR	1.10	2	3.984	0.549	638.3	1	18/60	0	8927	6.08150211029593e-20
	3_00, 574	IGDVGFAFEAGYSQK	0.62	2	3.189	0.592	670.8	1	18/42	0	7517	3.01025521750803e-12
	3_00, 578	TDLIDAIASAAELNK	0.73	2	5.324	0.595	1651.9	1	24/42	0	7470	4.02930883107716e-34
	3_00, 579	TDLIDAIASAAELNK	0.04	1	3.345	0.488	357.3	1	14/42	0	7524	7.7654269796104e-08
	3_00, 587	AALEATLEAISGSLK	0.64	1	2.416	0.467	154.8	2	11/42	0	7012	0.000126804704262872
	3_00, 599	SAEFNGLTFGGAYVFSDDFDK	1.31	2	3.899	0.582	376.2	1	16/60	0	6719	2.81675742045235e-19
	3_00, 607	AALEATLEAISGSLK	0.96	2	2.550	0.259	511.5	1	14/42	0	11500	4.99985540274712e-05
	3_00, 611	ADLKPAAQNVLDGIYGEIAQLK	0.36	2	5.097	0.668	977.8	1	26/63	0	6881	2.80745704855113e-32
	3_00, 612	GDFVEDQIVAVSELGQIEYR	0.62	2	3.018	0.590	532.9	1	18/57	0	7595	1.26919141854028e-10
	3_00, 910	AFMVGAELSYAGLALGVDYAQSK	1.35	2	3.482	0.437	399.1	1	16/66	0	9628	3.30001397990903e-14
	3_10, 50	HEKPVPALGK	0.47	2	3.393	0.489	444.5	1	13/27	0	5392	1.32539943617519e-13
	3_10, 58	HHVTADGYYR	1.00	2	2.373	0.241	245.3	2	11/27	0	5325	0.00111253362577678
	3_10, 64	HEKPVPALGK	0.86	3	3.257	0.354	462.4	1	21/54	0	3667	1.43445218147284e-06
	3_10, 66	HEKPVPALGK	0.06	1	2.403	0.390	336.0	1	11/27	0	5527	0.000538784670278003
	3_10, 68	HHVTADGYYR	1.14	3	3.570	0.361	1168.0	1	24/54	0	7011	2.00665025272591e-09
	3_10, 86	HHVTADGYYR	0.83	1	2.357	0.285	204.0	1	10/27	0	5188	0.00327252509328808
	3_10, 87	HEKPVPALGK	0.76	2	2.830	0.495	545.0	1	14/27	0	5263	2.42632319202359e-08
	3_10, 126	LANELSDASENK	0.18	2	3.422	0.402	606.8	1	16/33	0	6798	1.92422171874394e-13
	3_10, 166	ILIGLISLNAANPLACFSINR	0.31	2	2.766	0.331	59.2	20	9/60	0	7517	5.20124008627137e-07
	3_10, 170	VPAFVAGK	0.74	2	2.614	0.407	349.5	1	13/21	0	2791	4.71241307114943e-06
	3_10, 202	KVMAHWRAGCYGR	1.15	2	2.138	0.234	55.2	25	9/36	0	3634	0.0339194602699858
	3_10, 218	DNVVGVGLR	0.74	2	2.910	0.424	859.7	1	14/24	0	6001	1.12130071004436e-08
	3_10, 222	DNVVGVGLR	0.13	1	2.592	0.470	166.4	1	11/24	0	2748	3.37892221210879e-05
	3_10, 238	SHDALTTAAISVDK	0.65	2	3.539	0.636	776.6	1	18/39	0	7536	5.58936838979787e-16
	3_10, 240	TGGARMTGGGFGGCIVAVAPVEK	1.13	2	2.526	0.266	108.2	2	14/66	0	4903	7.43912045893468e-05
	3_10, 244	SHDALTTAAISVDK	0.07	1	3.305	0.538	378.2	1	14/39	0	6101	3.90957296121077e-08
	3_10, 254	RADTVANYLVAK	0.46	2	3.696	0.596	784.4	1	17/33	0	6541	2.70231522283434e-17
	3_10, 258	SIILGAGYK	1.06	1	2.118	0.322	390.4	1	10/24	0	6923	0.0101106060699275
	3_10, 262	SIILGAGYK	0.06	1	2.225	0.299	434.2	1	11/24	0	6179	0.00679210791398618
	3_10, 286	VGGSTYQVPVEVRPVR	1.34	3	2.785	0.288	648.3	1	23/90	0	9645	0.00694133525145438
	3_10, 298	KRPFYQIVVADSR	0.76	3	3.196	0.281	399.3	1	20/72	0	5089	7.6030653085033e-06
	3_10, 306	VPLPPLTEER	0.97	2	2.529	0.382	369.3	1	14/27	0	4404	2.88518044788824e-05
	3_10, 311	INIDENQATPAQLGVR	0.24	2	2.511	0.343	172.7	1	13/45	0	5723	5.71318910870794e-05
	3_10, 327	QEVASVLPAPSGSVTVYKDEK	0.50	2	4.062	0.509	240.3	1	19/60	0	3766	1.65824602231733e-20
	3_10, 331	AQIQHFFESYK	0.72	2	3.484	0.663	985.9	1	17/30	0	7208	1.28783929369572e-15
	3_10, 346	FGQSVYVPEVVSK	1.22	2	3.276	0.327	393.9	1	17/36	0	3743	1.05085598860388e-11
	3_10, 350	QVETFVEGGWGR	0.33	2	2.771	0.460	636.2	1	17/33	0	7851	1.23701317415682e-07
	3_10, 350	HEIAQAFGIEHPEAGVALR	1.92	3	3.304	0.396	720.4	1	28/108	0	7851	3.84144893019628e-07
	3_10, 359	GFVVAGLYNR	0.08	1	2.644	0.293	122.5	2	11/27	0	3892	0.000379154210982147
	3_10, 382	VEYQWLNNVGK	0.78	2	3.136	0.430	774.9	1	15/30	0	9598	8.44126605350873e-11
	3_10, 411	LVDSIQNAVNTVAR	0.73	2	4.043	0.536	1081.3	1	19/39	0	9053	1.79944522319087e-20
	3_10, 426	IGDVGFAFEAGYSQK	0.97	2	3.922	0.636	774.0	1	18/42	0	8153	7.14980715172709e-20
	3_10, 447	VYTDFIWAK	0.18	1	3.105	0.461	505.2	1	11/24	0	8164	8.30755312305504e-07
	3_10, 470	KGPFLDLHLLK	1.02	3	3.378	0.456	941.3	1	26/60	0	5626	4.42702281792131e-08
	3_10, 471	EAAIDVSNVAIFNPK	0.78	2	3.463	0.214	576.5	1	16/42	0	10426	2.68779212748911e-13
	3_10, 474	VGFFNPLATGNAER	0.71	2	2.743	0.457	450.9	1	17/39	0	5731	2.23247352423835e-07
	3_10, 479	KGPFLDLHLLK	0.01	2	3.111	0.293	821.3	1	15/30	0	7519	5.11606116152978e-10
	3_10, 507	DPVLIPVHLITR	0.52	2	2.355	0.279	218.2	2	12/33	0	4203	0.0012471388114483
	3_10, 550	ASHDLGEGLSALAYAELR	1.31	2	6.210	0.533	2256.8	1	27/51	0	9879	1.02748047370401e-42
	3_10, 551	AGEPVQLIGFGTFK	0.07	2	2.695	0.537	443.0	1	16/39	0	7209	1.98933057613909e-07
	3_10, 558 - 559	AGEPVQLIGFGTFK	0.43	1	2.780	0.407	547.5	1	17/39	0	5584	2.58726029954488e-05
	3_10, 562	VAIANVLAEEGYIESVK	0.79	2	2.095	0.513	279.0	1	12/48	0	7413	0.00435015979210779
	3_10, 571	EFITALDEADKLAQEGNLDAAK	0.65	3	3.615	0.346	573.0	1	28/126	0	8249	8.43700828034216e-10
	3_10, 574	LNHISTGVTCGLSIWFKLDNRK	1.54	2	2.303	0.270	151.5	3	11/63	0	8267	0.00293738064726266
	3_10, 587	AGWASFHDGLNQFNDITEPATGFK	0.18	2	5.789	0.682	1239.1	1	24/69	0	9410	1.82165444947015e-39
	3_10, 588	AGEPVQLIGFGTFK	0.37	2	2.688	0.558	571.1	1	15/39	0	6734	1.68929191823928e-07
	3_10, 599	AQPSLLDGIQVEYYGSPTPLR	1.37	2	5.860	0.613	975.2	1	25/60	0	5973	1.0442043449816e-39
	3_10, 604	M@SIGRLKCLTSLLNCTNFLSQK	0.73	3	3.116	0.255	339.1	1	22/126	0	9754	3.73809009148752e-05
	3_10, 642	EALEAFEAALDNVRPTVEVK	0.56	2	4.590	0.570	1048.5	1	20/57	0	9747	2.32656855214139e-26
	3_10, 670	AALEATLEAISGSLK	0.70	2	2.936	0.603	664.6	1	16/42	0	9799	5.89031001168816e-10
	3_10, 866	SAEFNGLTFGGAYVFSDDFDK	1.32	2	2.909	0.519	320.6	1	14/60	0	10502	3.48138328579392e-09
	3_10, 902	SAEFNGLTFGGAYVFSDDFDK	1.39	2	2.082	0.351	405.8	1	16/60	0	8417	0.0322186789323479
	3_10, 908	AFMVGAELSYAGLALGVDYAQSK	0.92	2	3.830	0.592	918.7	1	22/66	0	10269	1.23629851201394e-18
	3_10, 946	ASHDLGEGLSALAYAELR	0.77	2	2.243	0.426	310.9	1	13/51	0	10037	0.001855917084773
	3_15, 52	HTNHGAHLSLK	0.72	2	2.669	0.498	513.5	1	16/30	0	5170	5.57184842445701e-07
	3_15, 66	HTNHGAHLSLK	0.82	3	3.150	0.337	1388.8	1	26/60	0	9195	1.26426781539507e-05
	3_15, 74	HEKPVPALGK	1.13	3	3.056	0.228	368.2	1	19/54	0	3811	0.000115968933928812
	3_15, 82	AKVPEKPTHIEK	0.98	2	2.632	0.387	394.7	1	17/33	0	3869	4.14990116683433e-06
	3_15, 86	HEKPVPALGK	0.32	2	3.082	0.493	615.2	1	15/27	0	5411	1.25789653679405e-10
	3_15, 104	HTNHGAHLSLK	1.30	3	2.883	0.340	773.0	1	21/60	0	9113	0.00116876625400531
	3_15, 152	HYAHVDC*PGHADYVK	0.99	2	3.760	0.663	714.0	1	18/42	1	8926	2.11626304294232e-18
	3_15, 155	HYAHVDC*PGHADYVK	1.76	3	3.346	0.488	811.0	1	23/84	1	10779	5.73311002043918e-08
	3_15, 200	VPAFVAGK	1.33	2	2.178	0.429	178.5	1	10/21	0	2707	0.00439819082625748
	3_15, 214	FLPNLHTHR	0.39	2	2.196	0.428	244.4	1	12/24	0	4253	0.00349395823852471
	3_15, 226	AVATQVGALPK	0.53	2	2.170	0.287	409.8	2	12/30	0	9423	0.0176317219982203
	3_15, 238	DNVVGVGLR	0.56	2	2.704	0.394	847.7	1	14/24	0	5515	9.76431110324797e-07
	3_15, 239	GVAQNAISATGHGEANPVTGNK	1.23	3	2.759	0.401	415.9	1	23/126	0	8648	0.00405150683864548
	3_15, 268	LKCAFLTNLAWHPM#PIIPR	0.34	3	2.863	0.233	315.3	1	19/108	0	11908	0.00271022955227475
	3_15, 290	SIILGAGYK	0.58	2	2.466	0.270	264.4	1	11/24	0	3791	0.000208470737644793
	3_15, 320	KRPFYQIVVADSR	0.71	3	3.335	0.285	564.6	1	23/72	0	4903	4.87296320542505e-07
	3_15, 327	KRPFYQIVVADSR	1.16	2	2.886	0.467	244.5	1	16/36	0	2907	1.10467061954914e-08
	3_15, 338	QEVASVLPAPSGSVTVYKDEK	0.82	2	3.388	0.422	194.5	1	17/60	0	3812	3.34974647215105e-13
	3_15, 371	QVETFVEGGWGR	1.80	2	3.251	0.551	582.7	1	15/33	0	8363	1.38922274542692e-12
	3_15, 378	GFVVAGLYNR	0.41	2	4.125	0.372	944.6	1	16/27	0	6112	1.83585966009357e-20
	3_15, 379	VIVEGVNIITK	0.62	2	2.636	0.452	486.0	1	14/30	0	6241	1.86363620183932e-06
	3_15, 479	VYTDFIWAK	0.33	1	2.683	0.377	523.8	1	11/24	0	8316	8.73435165501471e-05
	3_15, 486	EAAIDVSNVAIFNPK	0.63	2	3.454	0.314	751.4	1	18/42	0	8873	2.06685448908917e-13
	3_15, 494	VGFFNPLATGNAER	0.62	2	2.951	0.330	447.9	1	15/39	0	6519	1.19619503061829e-08
	3_15, 494	FAC*LSNIISDDLPFKYPIK	1.61	3	3.105	0.385	97.3	39	15/108	0	6556	1.89761986548585e-05
	3_15, 514	RALNADLVVVNHHLFFADIAVK	1.91	2	2.275	0.224	87.7	1	12/63	0	4951	0.00531097299603089
	3_15, 518	SFPM@LLVTKLLDIM#LHK	1.38	2	2.582	0.210	233.7	1	12/48	0	8400	3.21952645271244e-05
	3_15, 562	AGEPVQLIGFGTFK	0.63	2	2.739	0.591	589.8	1	14/39	0	9973	3.8534224418763e-08
	3_15, 566	ASHDLGEGLSALAYAELR	0.32	2	4.108	0.432	1188.4	1	24/51	0	8285	1.4542311993936e-20
	3_15, 588	AQPSLLDGIQVEYYGSPTPLR	0.25	2	2.250	0.445	324.9	1	14/60	0	10077	0.00134569404469104
	3_15, 678	AALEATLEAISGSLK	0.71	2	4.973	0.597	1385.3	1	20/42	0	9450	1.64145449497427e-30
	3_15, 703	TDLIDAIASAAELNK	1.45	2	5.232	0.571	1475.5	1	23/42	0	7530	5.09507689057569e-33
	3_15, 752	FYPM#VSVSYAPLTVPTLPALM@ISM@FHQVK	0.00	2	1.938	0.499	56.6	5	8/84	0	10869	0.0258000688194971
	3_15, 836	AFMVGAELSYAGLALGVDYAQSK	0.80	2	2.655	0.413	345.2	1	15/66	0	9598	2.04056188121813e-06
	3_15, 846	SAEFNGLTFGGAYVFSDDFDK	1.27	2	2.522	0.440	213.3	1	12/60	0	9350	1.73581449073566e-05
	3_15, 882	AFMVGAELSYAGLALGVDYAQSK	0.38	2	3.335	0.550	663.9	1	20/66	0	9911	2.14375561748085e-13
	3_15, 892	AFM#VGAELSYAGLALGVDYAQSK	1.50	2	2.149	0.366	230.0	1	14/66	0	10468	0.0124270152867243
	3_20, 51	HTNHGAHLSLK	0.79	2	3.331	0.555	722.5	1	16/30	0	7238	2.18403615561612e-13
	3_20, 58	HEKPVPALGK	0.44	2	3.029	0.455	390.5	1	14/27	0	5018	6.3487650557175e-10
	3_20, 67	HTNHGAHLSLK	1.42	3	3.868	0.447	864.9	1	24/60	0	7730	9.40067275393713e-13
	3_20, 87	HTNHGAHLSLK	0.54	2	3.114	0.458	866.3	1	17/30	0	7287	9.78490269447595e-11
	3_20, 103	HTNHGAHLSLK	1.01	3	3.353	0.397	1564.8	1	27/60	0	8873	1.41553451515718e-07
	3_20, 158	TKPHVNVGTIGHVDHGK	0.59	2	4.001	0.630	768.2	1	22/48	1	5870	1.20765913865244e-20
	3_20, 266	DNVVGVGLR	0.54	2	2.534	0.482	667.5	1	13/24	0	5309	8.36172144456501e-06
	3_20, 282	HM#HHTVELIDTPAVR	0.51	3	4.222	0.426	1279.7	1	31/84	0	6310	2.25499297387769e-16
	3_20, 284	HM#HHTVELIDTPAVR	0.97	2	2.884	0.559	619.6	1	18/42	0	6714	3.32858970307853e-09
	3_20, 292	DLMPC*VNVLVCTLGIR	1.91	3	2.677	0.240	165.9	19	13/90	0	9998	0.0341529109795346
	3_20, 298	HMHHTVELIDTPAVR	1.47	3	3.785	0.342	934.8	1	28/84	0	5924	1.84555525862232e-11
	3_20, 302	HMHHTVELIDTPAVR	1.26	2	3.942	0.488	1103.5	1	22/42	0	6149	3.777100346439e-19
	3_20, 318	SHDALTTAAISVDK	0.61	2	4.189	0.626	1224.4	1	21/39	0	7532	1.46273915904986e-22
	3_20, 347	SIILGAGYK	0.69	2	2.787	0.327	436.7	1	14/24	0	2899	3.53549669432999e-07
	3_20, 388	M#YTVREVLWR	0.31	2	2.004	0.397	111.0	10	7/27	0	8318	0.0475947102253441
	3_20, 490	QEVASVLPAPSGSVTVYKDEK	1.76	3	3.037	0.431	263.9	1	22/120	0	6852	3.91303057870167e-05
	3_20, 499	QEVASVLPAPSGSVTVYKDEK	1.08	2	2.251	0.218	79.7	1	11/60	0	4838	0.00763131442044168
	3_20, 504	HVHALAEEYGVPVILHTDHAAK	1.33	3	3.160	0.430	746.6	1	30/126	0	8398	4.32645000851762e-06
	3_20, 526	FGQSVYVPEVVSK	1.43	2	2.367	0.426	393.1	1	15/36	0	5086	0.00028187947606815
	3_20, 534	QVETFVEGGWGR	1.25	2	3.074	0.453	591.8	1	17/33	0	5803	2.4741416390155e-10
	3_20, 542	GFVVAGLYNR	0.82	2	2.738	0.527	595.6	1	13/27	0	7830	9.89384941693714e-08
	3_20, 558	VIVEGVNIITK	0.81	2	2.811	0.542	467.5	1	15/30	0	4852	1.87787634557676e-08
	3_20, 584	QEVASVLPAPSGSVTVYK	1.27	2	4.554	0.577	522.5	1	23/51	0	3875	4.97050161984839e-26
	3_20, 671	IGDVGFAFEAGYSQK	0.29	2	3.667	0.610	680.7	1	17/42	0	8596	4.2974193744164e-17
	3_20, 732	NPADALTVSVLNSQSQVTNKPLR	0.26	2	3.086	0.496	360.2	1	15/66	0	11419	1.10918799642835e-10
	3_20, 735	VYTDFIWAK	0.58	2	2.586	0.486	360.9	1	13/24	0	4192	3.09096960945073e-06
	3_20, 774	EAAIDVSNVAIFNPK	0.62	2	3.950	0.627	1006.7	1	19/42	0	7691	4.24268447740606e-20
	3_20, 790	VGFFNPLATGNAER	0.00	2	4.049	0.417	648.1	1	19/39	0	5156	7.01800657704299e-20
	3_20, 839	LIISVWWWMTGIWASRMWCAVKTISTIR	1.83	3	2.774	0.225	200.0	2	18/162	0	11402	0.00991271685924011
	3_20, 912	TFTLNSDVTFGFDK	1.16	2	2.866	0.506	570.1	1	15/39	0	9647	1.00706080708405e-08
	3_20, 950	AGEPVQLIGFGTFK	0.67	2	5.186	0.654	1336.1	1	21/39	0	7163	4.24098914362995e-33
	3_20, 951	ASHDLGEGLSALAYAELR	0.67	2	4.548	0.641	1483.4	1	22/51	0	10555	2.15357624023757e-26
	3_20, 1155	AALEATLEAISGSLK	0.71	2	5.307	0.588	1671.3	1	22/42	0	9342	6.69433971426599e-34
	3_20, 1178	SAEFNGLTFGGAYVFSDDFDK	1.64	2	4.703	0.720	1006.5	1	23/60	0	8101	1.4411515157776e-28
	3_20, 1182	TDLIDAIASAAELNK	1.34	2	4.824	0.606	1103.0	1	21/42	0	7156	5.02414670453119e-29
	3_20, 1247	GDFVEDQIVAVSELGQIEYR	0.57	2	3.196	0.386	568.1	1	17/57	0	9315	3.63812248102614e-11
	3_20, 1299	VEIANAVEQLFEVK	0.76	2	2.362	0.368	369.4	1	13/39	0	9160	0.000560738115639729
	3_20, 1363	GCADTVPQAHSAGARAWCYLLASGEDNTK	1.46	3	2.625	0.382	279.7	1	23/168	0	8805	0.0258115052725301
	3_20, 1410	GIQITQAANDNLLNSFWLLDSEK	1.45	2	4.062	0.571	789.3	1	21/66	0	8711	6.93603315055234e-21
	3_20, 1438	DKLCCTIALNTAKEAIM#PSPVVFLSK	1.60	2	2.528	0.494	76.2	5	10/75	0	11054	7.96825071218437e-06
	3_20, 1450	SAEFNGLTFGGAYVFSDDFDK	1.76	2	2.593	0.432	212.4	1	13/60	0	10551	5.26144910488029e-06
	3_20, 2119	AFMVGAELSYAGLALGVDYAQSK	1.59	2	2.360	0.571	183.7	1	13/66	0	7947	4.69629128901916e-05
	3_20, 2126	SAEFNGLTFGGAYVFSDDFDK	0.89	2	2.719	0.415	206.4	1	12/60	0	8774	5.82329816648988e-07
	3_20, 2162	SAEFNGLTFGGAYVFSDDFDK	1.36	2	3.684	0.700	798.0	1	22/60	0	7556	6.82790092845104e-18
	3_20, 2192	SAEFNGLTFGGAYVFSDDFDK	1.02	2	2.272	0.502	316.1	1	14/60	0	8864	0.000476175946029006
	3_20, 2202	AFMVGAELSYAGLALGVDYAQSK	1.22	2	4.961	0.605	1108.8	1	25/66	0	8143	1.93546134309749e-30
	3_20, 2234	SAEFNGLTFGGAYVFSDDFDK	1.30	2	3.211	0.529	480.1	1	17/60	0	8011	4.60235667863454e-12
	3_20, 2244	LQGQIESFDQFVILLK	1.95	2	2.340	0.462	583.3	1	15/45	0	11386	0.000282295202718422
	3_20, 2271	AFMVGAELSYAGLALGVDYAQSK	0.65	2	3.527	0.512	553.1	1	20/66	0	8149	4.55226101809992e-15
	3_25, 147	TKPHVNVGTIGHVDHGK	0.98	3	2.923	0.513	509.2	1	32/96	1	3442	9.47513634067253e-05
	3_25, 148	TKPHVNVGTIGHVDHGK	0.73	2	3.843	0.578	755.0	1	23/48	1	5015	1.12126175001125e-18
	3_25, 404	IILPC*SSEFMTASSK	1.00	3	2.639	0.272	311.1	1	19/84	0	8759	0.0482582858901321
	3_25, 559	AGEPVQLIGFGTFK	0.60	2	3.101	0.600	572.2	1	16/39	0	6884	1.83002322029282e-11
	3_25, 674	AALEATLEAISGSLK	0.83	2	2.742	0.537	494.8	1	14/42	0	10520	7.9585089288473e-08
	3_25, 862	SAEFNGLTFGGAYVFSDDFDK	1.93	2	3.741	0.614	704.5	1	21/60	0	7680	7.16316762176449e-18
	3_30, 60	HEKPVPALGK	0.50	2	2.051	0.428	102.2	2	11/27	0	3598	0.02076333122702
	3_30, 295	YPPPKVMTNPC*KTGTVLNNMAK	1.89	2	2.077	0.411	262.2	1	13/63	0	10963	0.0187773700870458
	3_30, 470	SIVEAILLDTM#YDLPSLQHLEK	0.59	2	2.106	0.247	44.4	64	7/63	0	11187	0.0481116318422918
	3_30, 534	LNHISTGVTCGLSIWFKLDNRK	1.55	3	2.844	0.421	293.2	2	23/126	0	9630	0.00098136922486662
	3_30, 618	SAEFNGLTFGGAYVFSDDFDK	1.06	2	2.140	0.240	200.0	1	12/60	0	10196	0.032461578737076
	3_30, 758	AFMVGAELSYAGLALGVDYAQSK	1.66	2	2.198	0.286	134.5	3	10/66	0	10630	0.0121990415502552
	3_30, 798	SAEFNGLTFGGAYVFSDDFDK	1.03	2	3.067	0.513	554.7	1	19/60	0	7581	1.33298431965747e-10
	3_30, 810	AFMVGAELSYAGLALGVDYAQSK	1.75	2	3.672	0.603	457.2	1	17/66	0	7805	4.25607129470052e-17
	3_30, 811	TTEGEEFTLGQEINVDIFADVK	1.34	2	2.628	0.412	224.5	1	14/63	0	8226	3.43472518496611e-06
	3_30, 819	IGDVGFAFEAGYSQK	0.88	2	2.788	0.526	361.1	1	13/42	0	8629	3.72423795843877e-08
	3_30, 834	SAEFNGLTFGGAYVFSDDFDK	0.67	2	4.330	0.682	515.6	1	19/60	0	6821	2.0520939370125e-24
	3_35, 342	VRPWFGHDSHFHVR	1.82	3	4.098	0.297	892.5	1	26/78	0	9731	1.45525300301229e-14
	3_35, 343	VRPWFGHDSHFHVR	0.13	2	3.207	0.528	416.5	1	18/39	0	4753	5.09839301170009e-12
	3_35, 455	GNSCNPFILHLPWIR	0.98	3	2.968	0.295	171.1	38	13/84	0	11455	0.000408647950420033
	3_35, 495	NNMGNSFVEGAALMGMDLR	1.45	3	2.725	0.264	215.6	3	18/108	0	10082	0.0173752770884248
	3_35, 1128	LNIKHFDLFNMLC*NDINR	0.14	2	2.139	0.369	96.1	2	8/51	0	11060	0.0137109196398632
	3_35, 1543	DYLLTLIC*PSVAEYALIAR	0.64	2	2.057	0.340	179.8	1	11/54	0	11950	0.0470052877551875
	3_35, 2002	AFMVGAELSYAGLALGVDYAQSK	0.14	2	3.476	0.568	431.6	1	18/66	0	7511	6.69041876561881e-15
	3_35, 2166	AALEATLEAISGSLK	1.22	2	2.463	0.395	410.8	1	13/42	0	10021	8.02389535228053e-05
	3_35, 2187	AGEPVQLIGFGTFK	1.14	2	2.510	0.508	512.4	1	15/39	0	7280	9.11120474054198e-06
	3_40, 154	RVTLKLSAIISSTISYSFK	1.11	3	2.644	0.335	276.1	6	18/108	0	12050	0.0311357872172809
	3_40, 424	WWQNHLAQNSGYLRLM@PSFIYSPYMIK	0.36	3	3.072	0.253	149.6	5	18/156	1	9832	8.28761233666496e-05
	3_40, 2044	SAEFNGLTFGGAYVFSDDFDK	0.57	2	3.283	0.571	304.4	1	14/60	0	7905	5.08972061529205e-13
	3_45, 468	PRRATNPPCWQSGQGIVSSAC*SSGSSC*TTK	0.00	3	2.781	0.260	86.0	175	15/174	0	11241	0.00830311209412413
	3_45, 774	FSSIYVTVGRILSLCDSLSR	1.42	2	2.189	0.391	49.8	66	7/57	0	9221	0.00574301814189377
	3_45, 782	SAEFNGLTFGGAYVFSDDFDK	1.47	2	2.116	0.319	142.6	1	11/60	0	10371	0.0280494833864133
	3_50, 132	VKNDLAEISVVESAPGR	0.27	3	2.815	0.346	285.7	1	21/96	0	6833	0.00306943682468716
	3_50, 486 - 487	CSTSNCISPTWIISPSLFNQRSGVKAGISNR	1.60	3	2.750	0.264	69.9	75	15/180	0	8556	0.0124918859146555
	3_50, 791	IAGAENKPELDELK	0.22	2	2.342	0.210	184.5	3	11/39	0	5774	0.00195578805105533
	3_57, 346	HC*SIERCLTKR	0.43	2	2.217	0.268	189.8	17	8/30	0	8002	0.010380478883144
	3_57, 515	LIC*EYSSKISSAEEHTR	0.47	3	2.929	0.277	165.9	6	16/96	0	11150	0.000844495391305273
	3_57, 999	RYAYASPYCGSQRFSK	1.43	2	2.403	0.330	247.3	1	12/45	0	7402	0.00040308870073017
	3_57, 2011	SAEFNGLTFGGAYVFSDDFDK	1.60	2	3.382	0.612	442.3	1	15/60	0	10525	2.95214391697986e-14
	3_64, 496	M#TYVIPTEM@TQIIETCNK	1.45	3	2.655	0.255	293.7	1	20/102	0	9487	0.0427024675815399
	3_90, 134	VRLFQHNFVIISHVK	0.50	2	2.167	0.408	98.7	2	10/42	0	6276	0.00642514339748078
	3_700, 250	C*YLLRGAQMC*VMIKIINTK	1.89	2	2.117	0.284	80.5	16	8/54	0	12357	0.0351413268453352
	1_00, 47	QAKGIAAR	0.30	2	2.101	0.305	193.9	10	10/21	0	2861	0.037208970827396
	1_00, 63	ALTNAVEK	0.02	1	2.071	0.302	161.7	86	7/21	0	7904	0.0175974741933398
	1_00, 71	PVQTIASGR	0.47	2	2.025	0.543	172.5	3	10/24	0	3444	0.00624429853386835
	1_00, 98	SDPKISC*KLSR	0.65	2	2.111	0.610	228.5	7	10/30	0	6319	0.000883715962267083
	1_00, 104	NSLLPRM#WMK	0.90	1	1.895	0.454	123.3	10	9/27	0	6370	0.00450288310766466
	1_00, 162	LGIWVLKPK	1.30	2	1.989	0.487	498.7	2	12/24	0	8842	0.0190904265738175
	1_00, 183	DNIIKGNR	0.04	1	1.431	0.505	45.3	61	5/21	0	2957	0.0105772082456162
	1_00, 190	SVGVVLNQLHGAK	0.31	2	1.867	0.492	139.0	57	9/36	0	6850	0.0480360794293572
	1_00, 207	LALGDSGKYC*SM@ISCGTIGK	0.64	2	1.876	0.724	102.5	5	11/57	0	6906	0.00132762832708469
	1_00, 214	VLSLQKKISK	0.42	2	1.961	0.467	135.3	16	8/27	0	4389	0.0318829399849316
	1_00, 255	IFFQIHM#VLMRK	0.22	2	2.223	0.404	70.4	28	9/33	0	3007	0.00314081072285796
	1_00, 280	DEYAIFNRTQKILSDFDK	0.86	2	2.305	0.432	55.3	9	9/51	0	4164	0.000693509006149592
	1_00, 282	AQAIC*AATGIAEDVK	0.41	2	3.218	0.447	1025.6	2	20/42	0	9174	1.13806618976091e-11
	1_00, 288	FIPCFSISNLK	1.50	1	2.234	0.348	390.5	1	12/30	0	6342	0.00329482784458385
	1_00, 296	M#RAC*CSSVVSIFQR	0.98	2	1.909	0.611	119.1	10	10/39	0	6755	0.00653619611670729
	1_00, 303	EMEIKKMEVM#IK	1.06	2	2.384	0.414	320.4	2	14/33	0	4122	0.00024503719635123
	1_00, 306	CSLMQDEIR	1.28	1	1.779	0.390	74.2	11	8/24	0	3868	0.0249854203856795
	1_00, 314	CLFMTNKAQK	1.27	1	1.845	0.425	197.9	6	9/27	0	7606	0.00990422719728976
	1_00, 319	M@M#TPELIKLNKFYR	1.27	2	2.482	0.313	99.5	7	10/39	0	3752	0.000120634827822904
	1_00, 332 - 334	RLNFITTLESR	0.54	1	1.928	0.368	47.9	71	8/30	0	4260	0.0162080356646254
	1_00, 342	NTQNRPHFSTNIPTTRISK	1.39	2	2.568	0.639	43.3	155	6/54	0	8123	4.70898526358979e-07
	1_00, 350	MM#LM#SLKRLK	1.35	2	2.246	0.351	250.7	10	10/27	1	7240	0.00381858104472503
	1_00, 355	ADDKPETVLDRLK	1.45	2	2.033	0.547	135.3	15	9/36	0	7774	0.00542703952971742
	1_00, 356	FVLHPAFLAK	0.02	1	1.915	0.374	277.3	4	9/27	0	7465	0.0158715423298952
	1_00, 363	VQM#QTPM#VPFQR	0.44	2	2.170	0.377	169.6	4	11/33	1	4987	0.00851353434702729
	1_00, 372	LDKHTVQEKFEEWQTYNEK	0.30	2	2.313	0.552	75.7	15	8/54	0	7534	0.000128950322247798
	1_00, 406	ITC*HGDAIR	0.65	2	2.149	0.217	296.3	5	10/24	0	8755	0.030682124727843
	1_00, 418	EAAIDVSNVAIFNPK	0.56	2	2.195	0.234	229.8	1	12/42	0	7844	0.0160999555455664
	1_00, 423	SKFRSIANGCSTK	0.22	2	2.091	0.454	96.8	42	10/36	0	5830	0.0097233178303249
	1_00, 438	WKHILYTQTM#K	0.32	2	1.848	0.604	182.5	14	10/30	0	7862	0.0110306959241018
	1_00, 454	LPISNIKVQQTQMMSR	0.22	2	3.063	0.623	354.4	5	14/45	0	9377	2.92274756080752e-11
	1_00, 476	LRDTPILTFM#NK	0.49	2	1.813	0.607	175.8	4	9/33	0	6935	0.0127608303073199
	1_00, 490	LPISNIKVQQTQMMSR	1.14	2	3.017	0.616	311.9	2	13/45	0	8965	8.72846704320518e-11
	1_00, 500	SGKLITKAASCTSPPK	1.31	2	2.010	0.415	70.2	104	8/45	0	7086	0.0369271861032398
	1_00, 507	SINGLAIVSLGGGNSQNVSQLNNLQK	0.76	2	2.091	0.673	53.0	42	8/75	0	8566	0.000413451485520804
	1_00, 531	LNRIVRISTM#INIPTWSFK	0.44	2	1.676	0.711	77.9	11	10/54	0	6407	0.00346621622202792
	1_00, 532	LPISNIKVQQTQMMSR	0.44	2	2.608	0.647	363.0	4	14/45	0	9408	1.98610043653292e-07
	1_00, 534	IMSLVSAFTPLACPPK	1.59	2	2.244	0.526	197.2	2	12/45	0	6820	0.000517038872267689
	1_00, 566	M@HVRLTLKWQK	1.86	1	1.308	0.488	142.6	12	9/30	0	8643	0.0167420742027741
	1_00, 575	QIC*NCQPM#RCSLKK	0.40	2	2.128	0.204	371.7	1	12/39	0	10340	0.0405611239125355
	1_00, 578	YKC*ESRLALIAHK	0.23	1	1.320	0.595	223.2	2	12/36	0	6344	0.0018480265265512
	1_00, 582	SAPFFTFTISNIK	1.67	2	2.024	0.618	88.6	100	7/36	0	8406	0.00207629449455712
	1_00, 606	GIWGSC*VLALNLNK	0.56	2	2.044	0.593	112.9	44	10/39	0	7474	0.00246201015292271
	1_00, 610	VSALTVPENELSRK	1.89	1	1.436	0.567	48.2	168	6/39	0	7590	0.00294568227687474
	1_00, 618	DAPCALTLISKTSR	1.18	2	2.210	0.574	159.9	19	10/39	0	8920	0.000420693423570313
	1_00, 626	NNRPLVLNPKSPIK	0.33	2	1.862	0.680	76.9	76	8/39	0	7352	0.00303566221320107
	1_00, 651	GNELISHLYNPM#SPSVLSLIK	0.63	2	1.770	0.641	71.5	7	11/60	0	5125	0.00903736958440053
	1_00, 656	DAPCALTLISKTSR	0.65	2	2.171	0.577	294.7	3	12/39	0	9647	0.000680849186514206
	1_00, 814	MKKFTGEVSLTGQPFVM#DPAK	1.81	3	3.230	0.343	379.5	2	24/120	0	7515	2.65299629350135e-06
	1_00, 899	YCVSTLAKNVELALFAYWGGR	1.67	2	1.792	0.666	83.0	33	8/60	0	9334	0.00555062812662205
	1_10, 118	EIGIKTAQINTK	0.38	2	1.743	0.560	189.7	4	11/33	0	7123	0.0336119410331401
	1_10, 127	SDPKISC*KLSR	0.46	2	2.256	0.552	270.6	2	11/30	0	6272	0.000301846371862084
	1_10, 130	NNM#FSDASFSR	0.47	1	1.722	0.517	110.3	24	9/30	0	6740	0.00318625133694997
	1_10, 243	FGC*SPIGK	0.74	2	2.283	0.350	549.8	1	12/21	0	4485	0.00224199190727533
	1_10, 286	KGKYVFPLC*LISR	0.58	3	2.884	0.334	220.2	34	17/72	0	5710	0.0012053390965439
	1_10, 346	GMVGSVLM@DR	0.91	1	1.877	0.351	46.5	105	7/27	1	3809	0.0277672417324017
	1_10, 368	EMEIKKMEVM#IK	0.12	2	1.984	0.505	314.4	2	13/33	0	4890	0.0158056157016742
	1_10, 382	CDLRGSASSVPCR	0.47	2	1.992	0.451	157.3	78	9/36	0	11336	0.0290831525866767
	1_10, 439	AM#VSLCSMASK	1.19	1	1.754	0.433	152.7	77	7/30	0	9064	0.0135152268041896
	1_10, 466	NNRPLVLNPKSPIK	1.15	2	1.791	0.676	198.4	4	12/39	0	7726	0.00473708529826562
	1_10, 548	LPISNIKVQQTQMMSR	0.05	2	2.697	0.623	299.6	3	13/45	0	9483	5.35673501492198e-08
	1_10, 554	LATVLPTLVSVPVR	1.13	1	1.709	0.367	81.4	19	9/39	0	6254	0.0498136407710618
	1_10, 598	VHAPFWVQIQYVLKAVWADLLK	1.13	2	1.757	0.620	84.4	7	9/63	0	8582	0.013123139528205
	1_10, 607	LPISNIKVQQTQMMSR	0.90	2	1.971	0.511	319.2	2	13/45	0	10453	0.0164611001009188
	1_10, 648	NSLVVFIC*NQALPCVVNIAK	0.54	2	2.565	0.564	153.9	9	11/57	0	9933	1.55332230529532e-06
	1_10, 706	KDELMVPVMRSIK	0.07	2	2.511	0.509	212.0	7	12/36	0	7717	8.83242647943239e-06
	1_10, 871	M#LPVTLPVLIC*GLVTCFLVEK	0.71	2	1.855	0.536	67.0	32	7/60	0	9427	0.0285886055863947
	1_15, 106	KRTFHNLK	0.83	2	2.520	0.394	330.7	4	9/21	0	6859	2.99624024202446e-05
	1_15, 150	SDPKISC*KLSR	0.20	2	2.129	0.548	275.0	2	11/30	0	5928	0.00177392830422213
	1_15, 246	SRLQVGLR	0.03	1	1.513	0.507	42.8	39	7/21	0	2649	0.00840561537664108
	1_15, 346	DEYAIFNRTQKILSDFDK	1.66	2	1.684	0.568	68.9	4	10/51	0	3814	0.0329823399248816
	1_15, 423	DANLVRLMDQQAC*GK	0.63	2	1.872	0.549	143.0	6	9/42	0	9286	0.0213359173523138
	1_15, 444	AVITGFGIISSIGNNK	0.93	2	2.030	0.628	162.5	8	11/45	0	7030	0.00166969586508145
	1_15, 475	M#APSFNCAMR	0.09	1	1.886	0.394	380.4	2	11/27	0	7845	0.0134875869922166
	1_15, 478	AM#VSLCSMASK	0.98	1	1.845	0.421	161.0	81	8/30	0	8722	0.0106203192517565
	1_15, 486	TM#HLLYPLICVLR	0.07	2	1.778	0.542	87.0	54	7/36	0	9985	0.0387487088067908
	1_15, 564	LPISNIKVQQTQMMSR	0.60	2	2.690	0.643	394.2	5	14/45	0	10371	4.47865809902057e-08
	1_15, 638	NSLVVFIC*NQALPCVVNIAK	0.19	2	2.342	0.583	127.2	9	10/57	0	9529	5.23028431959025e-05
	1_15, 683	SAPFFTFTISNIK	1.70	2	2.333	0.712	135.4	43	8/36	0	8780	7.73651035335287e-06
	1_15, 706	FIDFSAYKVEAKK	0.18	2	2.007	0.605	81.9	174	8/36	0	8293	0.00301327436971512
	1_20, 131	SDPKISC*KLSR	0.62	2	1.883	0.491	199.0	7	9/30	0	7726	0.0436945287133298
	1_20, 346	TVIM@KIGK	0.47	2	2.064	0.334	149.3	12	7/21	0	3279	0.0457261585150794
	1_20, 347	PCLAALCCK	0.09	1	1.327	0.432	168.9	7	8/24	0	6582	0.0470598159040126
	1_20, 502	EQHKDFPCAFLC*DISHKK	1.35	2	1.686	0.570	42.4	10	8/51	0	3782	0.0319930398779901
	1_20, 547	TCALC*GSVER	0.63	2	1.915	0.564	121.1	168	8/27	0	6002	0.0125999965048388
	1_20, 662	NAC*QTIQLATVNEK	0.40	2	1.858	0.657	169.9	5	10/39	0	6804	0.00452335849069695
	1_20, 698	VGMWGERHSHHKK	0.91	2	1.679	0.574	163.0	6	9/36	1	9628	0.0302768295044651
	1_20, 726	GRLLWLTRK	0.20	1	1.485	0.445	145.9	107	7/24	0	9367	0.0293605963091996
	1_20, 764	EAAIDVSNVAIFNPK	1.68	2	2.307	0.379	236.0	2	11/42	0	9479	0.00118899535520653
	1_20, 778	LVIIHALSTKLMR	1.28	2	2.059	0.470	153.5	8	10/36	0	5167	0.011494913073049
	1_20, 946	TTC*C*QLLC*NGIHKLR	0.66	3	2.872	0.418	294.1	2	18/84	0	7498	0.000665471533621408
	1_20, 950	LPISNIKVQQTQMMSR	0.01	2	2.365	0.728	322.3	2	13/45	0	8568	3.55800591728379e-06
	1_20, 1194	M#PLSQKIENNLNK	0.69	2	1.845	0.606	187.3	13	10/36	0	9126	0.0108915682680224
	1_20, 1538	C*C*C*ESIFTQSSSPPMRVK	1.91	2	1.909	0.666	108.1	4	10/51	0	5284	0.00274278098678008
	1_35, 1668	NDTSCHLSPDSC*NQFCQC*HR	0.46	2	2.126	0.318	122.7	1	10/57	0	10288	0.0249993594912802
	1_45, 740	KLQSIRSTAINQCAIC*AIK	1.50	3	2.913	0.326	316.9	1	19/108	0	11693	0.000813534549351772
	2_00, 51	KKSAVQK	0.18	1	2.399	0.237	146.1	84	6/18	0	5836	0.00394752907911352
	2_00, 98	VDKKVELPK	0.02	2	2.417	0.568	381.4	3	11/24	0	6688	1.93817899335886e-05
	2_00, 148	SRLQVGLR	0.18	1	1.828	0.361	30.9	233	6/21	0	3047	0.030919619995354
	2_00, 279	GIDVIPQDSLK	0.19	1	1.674	0.479	71.6	151	7/30	0	8128	0.00825024405528904
	2_00, 314	SRLSEEDMQSVAKFIETLK	0.52	2	2.405	0.625	145.4	7	11/54	0	9101	9.99660634539401e-06
	2_00, 322	AM#VSLCSMASK	0.78	1	1.916	0.431	93.1	214	6/30	0	7189	0.00607413977540995
	2_00, 331	THTGQMLACFFSR	1.78	2	1.878	0.605	220.4	5	11/36	0	7618	0.00896523024172076
	2_00, 386	HCLKQSPDC*HLK	1.77	2	2.046	0.351	105.5	29	8/33	0	8993	0.0481717249265338
	2_00, 391	KVLSNNILHQIGK	0.26	1	1.379	0.586	175.2	2	11/36	0	6637	0.0021459113653815
	2_00, 426	LILLSRIC*YGEK	0.28	2	1.777	0.609	140.8	15	9/33	0	6723	0.01449689843246
	2_00, 450	KPM#VLTSTLLDDSQAGTIWNR	1.48	3	2.610	0.437	387.2	3	22/120	0	9407	0.0171296506850076
	2_00, 452	KDKGIIM@ISSEMPELLGVTDR	1.46	2	2.561	0.604	144.6	4	10/60	1	9063	9.20852991637068e-07
	2_00, 463	VHAPFWVQIQYVLKAVWADLLK	0.98	2	1.862	0.703	98.2	9	9/63	0	9132	0.00207391671972055
	2_00, 466	LRDTPILTFM#NK	0.34	2	1.891	0.535	208.5	6	9/33	0	8642	0.0227954917291288
	2_00, 492	KPVIIAHLLISIR	1.75	2	2.007	0.420	306.3	1	13/36	0	8406	0.0359951166861474
	2_00, 494	DDTDAVNVSQLKEGLAKATTK	1.96	2	2.236	0.604	166.6	4	11/60	0	9298	0.000186512372155034
	2_00, 530	SAPFFTFTISNIK	1.86	2	1.753	0.632	115.0	58	8/36	0	10240	0.0110189774031915
	2_00, 550	FLIFC*VVYDQLK	0.87	2	1.692	0.637	200.4	7	12/33	0	8268	0.0114866752502073
	2_00, 551	GSIPRTFIDDLLAK	1.09	1	1.337	0.518	80.1	3	8/39	0	6616	0.00917485814941085
	2_00, 558	VEIANAVEQLFEVK	0.55	2	3.453	0.526	945.8	2	20/39	0	9083	2.0570308778506e-14
	2_10, 127	SDPKISC*KLSR	0.36	2	1.909	0.571	175.0	6	9/30	0	7396	0.0119154152074597
	2_10, 194	VDKKVELPK	0.75	2	1.992	0.632	383.4	3	11/24	0	6136	0.00229868136843021
	2_10, 195	SVSRVQANKK	0.68	2	2.200	0.421	447.8	4	11/27	0	9550	0.00358180256842726
	2_10, 210	SRLQVGLR	0.94	1	1.781	0.478	32.8	116	6/21	0	2888	0.00518326009508356
	2_10, 362	SKAPTELPALTIC*C*GSK	0.58	2	2.285	0.414	183.9	2	12/48	0	3834	0.001148467524589
	2_10, 402	TIKFGLNPTICHR	0.82	2	1.867	0.593	206.0	3	11/36	0	7291	0.0115711675796227
	2_10, 438	QLKFGTHIAK	0.16	1	1.812	0.455	119.9	115	7/27	0	8034	0.00684149513892346
	2_10, 463	IC*RC*IFVAIVVIK	0.30	2	2.539	0.588	136.0	21	10/36	0	8035	1.74430943138167e-06
	2_10, 466	FMNRLNATFSHR	0.51	2	2.369	0.475	150.3	11	11/33	0	4836	0.000151463144909923
	2_10, 546	LGMLCDFLIK	0.52	2	2.362	0.427	234.9	16	10/27	0	6108	0.000301902780447992
	2_10, 555	TTC*C*QLLC*NGIHKLR	0.69	3	2.946	0.383	418.9	1	21/84	0	9046	0.000296730707878112
	2_10, 556	HCLKQSPDC*HLK	1.98	1	1.476	0.581	49.6	202	6/33	0	6627	0.00200680021008072
	2_10, 560	EGYRLSCQVNVKNSM#K	1.47	2	2.467	0.608	125.2	21	10/45	0	8599	4.57060754438666e-06
	2_10, 575	TFRIIKGVTVMNGDANFM#GFK	1.54	3	2.644	0.375	375.5	2	26/120	0	8312	0.0221954967171181
	2_10, 592	VHAPFWVQIQYVLKAVWADLLK	0.19	2	1.832	0.705	109.9	6	10/63	0	9015	0.00239765700860154
	2_10, 638	LELASWQKVPLM@QFLPLR	0.39	2	1.903	0.621	66.8	48	9/51	0	8780	0.00586125380804187
	2_10, 678	SAPFFTFTISNIK	1.54	2	1.965	0.553	170.2	4	10/36	0	7991	0.00969542217990501
	2_10, 703	LSAAAINTPSFVLNK	0.01	2	2.482	0.581	105.3	137	9/42	0	8136	5.29815218572595e-06
	2_15, 54	SNM@PFFISIK	0.41	2	1.936	0.508	228.4	4	10/27	0	7645	0.0232742801905369
	2_15, 250	LQSIC*GIKSWNC*YK	0.19	3	2.685	0.375	219.1	13	16/78	0	6278	0.0135979510569678
	2_15, 452	AANAGFMKFLPTPPK	0.45	2	1.896	0.572	113.3	18	9/42	0	8621	0.0129392991133778
	2_15, 478	M@AEISGEM#VK	1.17	1	1.934	0.388	259.9	4	9/27	0	8349	0.011405037126959
	2_15, 683	SAPFFTFTISNIK	1.86	2	2.218	0.645	129.5	75	8/36	0	10265	0.000126884674027124
	2_15, 706	ISQDLTKEEELLK	0.42	2	2.346	0.571	470.5	2	15/36	0	7988	5.8633561898813e-05
	2_15, 796	YCVSTLAKNVELALFAYWGGR	1.52	2	1.956	0.535	79.3	30	8/60	0	10034	0.0135514285251917
	2_20, 724	RLPLIFVSAK	0.84	1	1.666	0.409	109.0	108	6/27	0	9025	0.0302305887320346
	2_20, 782	FMNRLNATFSHR	0.92	2	2.473	0.484	202.6	8	11/33	0	5297	2.3829701970192e-05
	2_20, 942	LILLSRIC*YGEK	0.66	2	1.865	0.597	108.1	45	7/33	0	7612	0.0110359299768266
	2_20, 956	PTPVENQISNTVPNM@AK	1.38	2	1.934	0.573	103.7	28	8/48	0	11852	0.00948355518130257
	2_20, 1154	SAPFFTFTISNIK	1.71	2	1.962	0.679	119.5	50	8/36	0	9067	0.00142906321738227
	2_20, 1159	SAPFFTFTISNIK	1.89	3	2.506	0.442	302.5	32	16/72	0	8850	0.0453377114919049
	2_20, 1183	LTSINSKSVLKINK	0.05	2	2.308	0.628	218.5	7	11/39	0	8189	4.45614796607606e-05
	2_20, 1402	M#WYVLSLKSQNQM@VLLLWHR	1.67	2	1.811	0.611	85.0	14	8/57	0	12126	0.012120990284571
	2_20, 2208	AHYARLLVQM#GKVSNEGQAFK	0.29	2	1.697	0.643	94.6	14	10/60	0	7208	0.0103965843502128
	2_25, 868	AHYARLLVQM#GKVSNEGQAFK	1.37	2	2.079	0.642	85.2	26	9/60	0	8832	0.000782175437513976
	2_35, 2104	LATVLPTLVSVPVR	0.77	2	1.739	0.539	124.8	29	9/39	0	8145	0.0458187233912401
	3_00, 64	ALTNAVEK	0.17	1	2.190	0.284	178.8	36	7/21	0	7758	0.0102284031109018
	3_00, 98	SDPKISC*KLSR	1.38	2	1.853	0.557	215.1	2	10/30	0	6395	0.0214823404993201
	3_00, 116	RSALALSPSCAFK	0.63	2	1.722	0.561	96.6	14	10/36	0	4188	0.0347914057234209
	3_00, 119	TPTVIAITISK	0.71	2	1.977	0.515	280.0	3	11/30	0	7518	0.0147550249190899
	3_00, 131	NGQQMTGR	0.38	2	2.176	0.340	283.9	8	9/21	0	5604	0.0110457019961972
	3_00, 154	VDKKVELPK	0.11	2	2.344	0.553	421.7	3	12/24	0	6531	7.85430868237898e-05
	3_00, 182	FAVLIKDFIQK	0.31	2	1.894	0.514	398.2	2	12/30	0	7460	0.0297763332703106
	3_00, 220	IM#SPKISR	1.10	2	2.429	0.284	514.1	3	12/21	0	4360	0.000361632344199176
	3_00, 271	DAYDNYQFHAVIQR	0.24	2	2.091	0.534	39.1	180	6/39	0	5540	0.00341731475406712
	3_00, 274	LYLYMKVLSMSHFLSFAR	0.59	2	1.700	0.576	16.2	142	7/51	0	3748	0.0289238850673406
	3_00, 291	GMVGSVLM@DR	0.15	1	1.590	0.469	34.0	70	6/27	1	3809	0.0137573484479749
	3_00, 295	EMEIKKMEVM#IK	0.59	2	1.758	0.550	221.2	2	11/33	0	4637	0.037122927685575
	3_00, 326	NTQNRPHFSTNIPTTRISK	0.23	2	2.704	0.646	62.1	99	7/54	0	9728	3.25783833513273e-08
	3_00, 342	TC*TLCC*KKK	1.07	1	1.853	0.396	222.7	33	8/24	0	8875	0.0155668164076468
	3_00, 343	THTGQMLACFFSR	1.64	2	1.803	0.664	219.3	3	11/36	0	7024	0.00545797872520586
	3_00, 372	PKSKIHYNLAIVGK	1.13	2	2.064	0.500	166.8	11	9/39	0	11423	0.00738836270252564
	3_00, 395	QFDALVTRMKER	0.68	2	2.341	0.428	87.4	45	9/33	0	5409	0.000416219310230721
	3_00, 430	EGQSVPVGVGQPALK	1.99	1	2.093	0.525	227.7	2	12/42	0	7413	0.000355416362483966
	3_00, 444	LPISNIKVQQTQMMSR	0.44	2	3.141	0.587	331.4	3	14/45	0	8991	9.31125414157771e-12
	3_00, 490	EAAIDVSNVAIFNPK	1.43	2	2.844	0.586	478.9	2	16/42	0	8335	5.07991975906186e-09
	3_00, 502	SINGLAIVSLGGGNSQNVSQLNNLQK	1.46	2	1.940	0.657	63.8	23	9/75	0	8644	0.00247252578142427
	3_00, 504	LPISNIKVQQTQMMSR	0.35	2	2.171	0.682	226.6	3	11/45	0	7921	0.000131845866346067
	3_00, 527	VLEKILHSDM@EK	0.59	2	2.187	0.528	145.4	24	9/33	0	8521	0.00110957996768872
	3_00, 528	C*LTCLSNRNPDM#M#CRSNR	1.00	2	2.397	0.539	160.0	9	11/51	1	9186	4.08665732283053e-05
	3_00, 535	PSEQPIRELAPLLK	0.28	2	2.263	0.612	148.3	14	10/39	0	8022	0.000111833222953502
	3_00, 548	QIC*NCQPM#RCSLKK	0.73	2	2.287	0.233	381.6	2	13/39	0	9492	0.00434301717267789
	3_00, 566	LLRTAQFAEDASPM@SHPIRPDK	1.91	2	1.796	0.552	47.8	86	7/63	0	8927	0.0312014208150288
	3_00, 578	LSAAAINTPSFVLNK	0.32	2	2.153	0.608	136.7	45	10/42	0	7470	0.000539753369733029
	3_00, 579	VHSFLSAASRINSR	0.06	1	1.712	0.549	76.7	49	8/39	0	7524	0.00173397253930799
	3_00, 611	FVMWLRNCWMC*MPNAKLK	1.21	2	1.695	0.669	69.3	14	8/51	0	6881	0.00686210479619803
	3_00, 910	M#LPVTLPVLIC*GLVTCFLVEK	1.23	2	1.961	0.471	146.8	6	10/60	0	9628	0.0303281700909911
	3_10, 50	CKYAHRIGK	0.51	2	1.734	0.534	220.6	2	10/24	0	5392	0.049751170585664
	3_10, 66	CKYAHRIGK	0.01	1	1.465	0.442	185.2	3	9/24	0	5527	0.0324955291518703
	3_10, 86	CPRCSNLVNGR	0.82	1	1.685	0.402	100.8	8	8/30	0	5188	0.031430639611571
	3_10, 126	SDPKISC*KLSR	0.11	2	2.045	0.603	175.8	4	9/30	0	6798	0.00209352476393716
	3_10, 222	IITIIIIK	1.99	1	1.375	0.485	82.9	7	7/21	0	2748	0.016988310290067
	3_10, 244	DGFCTTLSPSTTAK	0.13	1	1.528	0.603	56.0	106	8/39	0	6101	0.00108627704842227
	3_10, 327	DEYAIFNRTQKILSDFDK	1.54	2	1.995	0.565	43.3	11	8/51	0	3766	0.00615593434543872
	3_10, 346	CECPM@VSLVIGTR	0.30	2	2.204	0.346	55.2	81	10/36	0	3743	0.00719426008304553
	3_10, 359	VLCSGC*GSRR	1.16	1	1.869	0.343	68.6	27	9/27	0	3892	0.0325835421884355
	3_10, 411	LVNVVFPLANAESK	0.30	2	1.875	0.551	107.4	62	8/39	0	9053	0.0203235755430367
	3_10, 447	CDGRITFCTK	0.76	1	1.674	0.479	119.6	145	7/27	0	8164	0.00825024405528904
	3_10, 471	IGDVGFAFEAGYSQK	0.14	2	2.723	0.420	424.2	2	14/42	0	10426	5.09483320699762e-07
	3_10, 476	M#HCQTGESVLNKVK	1.01	1	2.088	0.181	53.1	19	9/39	0	6384	0.0437405814668307
	3_10, 479	IDRTFAFGIIK	0.04	2	2.199	0.300	166.0	46	9/30	0	7519	0.0110051538750183
	3_10, 550	LPISNIKVQQTQMMSR	0.26	2	2.903	0.614	302.6	5	13/45	0	9879	9.88943408372697e-10
	3_10, 558 - 559	QKISLITPNC*YK	0.57	1	1.648	0.408	77.3	32	8/33	0	5584	0.0330614798786485
	3_10, 587	IEVYNMVNEGKSNQQIIDAMTAR	0.88	2	1.842	0.685	115.0	6	10/66	0	9410	0.00315854747590303
	3_10, 599	LLWILTAVPRVM#VAVHSRVK	1.18	2	2.267	0.689	28.2	117	6/57	0	5973	3.08433546715365e-05
	3_10, 642	NSLVVFIC*NQALPCVVNIAK	0.48	2	1.975	0.576	152.8	11	10/57	0	9747	0.00633396655719426
	3_15, 306	NM@YIGIDCGTQGTK	0.92	3	2.943	0.365	247.0	11	19/78	0	6303	0.000367779053104548
	3_15, 338	CSAMSETGC*GVFC*HPISFSK	0.04	2	1.959	0.523	17.2	135	7/57	0	3812	0.0155817772281801
	3_15, 378	NSTTQLM@IR	0.44	2	2.592	0.463	647.6	2	14/24	0	6112	3.70052570382511e-06
	3_15, 479	M#QEFIPM@AK	0.27	1	1.671	0.465	188.6	36	7/24	0	8316	0.0108832821075168
	3_15, 486	RIDPVGACVGM@RGAR	1.34	2	2.371	0.391	181.8	3	11/42	0	8873	0.000386381893941383
	3_15, 486	HGLSLIKLLISLPNVAM@FRAR	0.81	3	2.665	0.312	195.2	1	18/120	0	8800	0.0286127204142087
	3_15, 566	LPISNIKVQQTQMMSR	1.37	2	2.334	0.591	374.3	2	15/45	0	8285	5.26021068047515e-05
	3_15, 575	YVCTHAVFLILSHVVALLFSIR	0.72	2	2.091	0.313	194.1	2	12/63	0	8428	0.0395417548174474
	3_15, 678	SAPFFTFTISNIK	1.74	2	2.003	0.668	126.4	58	8/36	0	9450	0.00116195966073815
	3_15, 703	M#PLSQKIENNLNK	1.46	2	2.243	0.596	302.0	4	13/36	0	7530	0.000190574578875993
	3_20, 87	SNM@PFFISIK	0.44	2	1.689	0.579	237.2	2	10/27	0	7287	0.0279640949770417
	3_20, 128	AM#NLTVRYDGM#NQIPPYELVDR	0.08	3	2.713	0.272	139.5	45	18/126	1	8071	0.0196365373691918
	3_20, 302	VAIQFVIVC*VICHKK	0.16	2	2.020	0.524	68.2	90	9/42	0	6149	0.00856782282517556
	3_20, 584	SKAPTELPALTIC*C*GSK	0.33	2	1.926	0.634	134.7	3	12/48	0	3875	0.00400033831281005
	3_20, 790	FMNRLNATFSHR	0.98	2	2.360	0.479	135.7	11	9/33	0	5156	0.000166263970365879
	3_20, 950	HCLKQSPDC*HLK	1.25	2	1.794	0.661	93.5	82	8/33	0	7163	0.00596607414566931
	3_20, 1155	SAPFFTFTISNIK	1.74	2	2.188	0.655	127.2	67	8/36	0	9342	0.000163055110439433
	3_20, 1182	M#PLSQKIENNLNK	1.34	2	1.899	0.626	251.8	2	13/36	0	7156	0.00558620591445012
	3_20, 1247	SFCNDISRHDICINNRYAK	1.37	2	1.961	0.623	155.0	2	12/54	0	9315	0.00352825280718132
	3_20, 1410	LLERPTNAELELLNFIALVFFK	1.30	2	1.744	0.606	43.4	48	8/63	0	8711	0.0169137711925481
	3_20, 2202	SM@DNTILM@VALPIVSHSKNVK	1.16	2	1.959	0.630	69.1	33	9/60	1	8143	0.00321996508415386
	3_30, 670	WTLLC*CGFHLKR	0.45	2	2.165	0.269	138.0	1	10/33	0	5497	0.020823488011637
	3_35, 342	IAFLLC*YDNC*CMVR	0.92	3	2.881	0.334	252.9	5	16/78	0	9731	0.00126223822682602
2	pmu_Contig1	264.1	0.00	0	0.0	3.8	405433.3	pmu_Contig1	0.00113497689868568
	2_45, 256	LVLDPGM#GFFLGAAPETSLSVLARFDELR	1.70	3	2.670	0.291	162.8	18	18/168	0	12131	0.030546881461521
	1_15, 876	FNGFSPAGRIGKPLK	0.79	2	1.980	0.440	86.0	115	8/42	0	10317	0.037155246112942
